0.001041425 0 0.0001212818 0.0058546 8.299853E-14 0 1015 49.83915 944.5912 1955.467 41.99706 -0.7844603 -0.6200714 0.009436063 -0.0171719 0.03692947 0.9991703 -0.8125662 -0.6422875 0.009774141 944.5914 1955.468 42.14706 -0.7843457 -0.6203177 0.002772298 
2.294708 0 0.4193556 0.0059619 8.452733E-15 0 1015 49.83915 943.9604 1954.969 41.99958 -0.7844447 -0.6200829 0.008972048 -0.01754552 0.03665337 0.9991739 -32.93605 -26.03444 0.3892457 944.0762 1955.061 42.14822 -0.7850129 -0.6194738 0.002359633 
5.732274 -0.009191487 1 0.0056563 0.08700179 0 1015 49.83915 941.6817 1952.308 42.03244 -0.4987579 -0.8664431 0.02103608 -0.01940861 0.03543118 0.9991837 -29.1382 -34.34294 0.7000166 941.3031 1952.884 42.15467 -0.7880495 -0.6156089 0.001890775 
8.997293 0.0105638 1 0.0065008 0.02630592 0 1015 49.83915 938.0478 1946.895 42.1286 -0.5947959 -0.8037013 0.01465378 -0.02190671 0.03443019 0.999167 -24.37768 -34.03293 0.6839919 936.4578 1949.127 42.16683 -0.792329 -0.6100906 0.002066117 
8.72914 -0.008822287 0.04937337 0.0054291 -0.2520787 0 1015 49.83915 932.8844 1940.579 42.22533 -0.7119595 -0.7021396 0.007482867 -0.02325403 0.03422737 0.9991441 -11.4671 -12.79666 0.1713607 930.1583 1944.314 42.18396 -0.7966942 -0.6043785 0.002246898 
10.86948 0 0.1672472 0.0062309 -0.1133033 0 1015 49.83915 925.2689 1936.961 42.16091 -0.9788907 -0.2036283 -0.01349523 -0.02017644 0.03076403 0.999323 -30.02653 -11.19092 -0.2659301 923.6011 1939.371 42.20304 -0.8002715 -0.5996331 0.002395473 
13.26805 0.00820625 0.639793 0.00505 0.08487869 0 1015 49.83915 914.8408 1935.536 42.00058 -0.9921157 -0.1239015 -0.0150377 -0.01883631 0.02953416 0.9993863 -29.45953 -4.030161 -0.4482433 916.209 1933.865 42.22575 -0.8034754 -0.5953326 0.002526663 
11.79223 0 0.903033 0.0054615 0.185116 0 1015 49.83915 904.8364 1931.282 41.95006 -0.7918031 -0.6106648 0.00337778 -0.01733709 0.02800801 0.9994574 -17.2503 -11.17878 0.01251955 907.691 1927.587 42.25314 -0.8063527 -0.591429 0.002644669 
13.71198 0.0090493 1 0.0055688 0.210419 0 1015 49.83915 897.5316 1923.018 42.06127 -0.5225998 -0.8523868 0.01430426 -0.01601959 0.02659497 0.9995179 -20.13398 -25.11353 0.3466492 898.9865 1921.23 42.28217 -0.8086632 -0.5882654 0.002738026 
15.77001 -0.01076221 1 0.0066229 -0.2448635 0 1015 49.83915 891.8207 1911.35 42.2748 -0.5541916 -0.8322176 0.01278717 -0.01478383 0.02520349 0.999573 -15.01182 -27.96944 0.4905714 889.7393 1914.527 42.3139 -0.8106177 -0.585569 0.002814932 
14.49517 -0.01097184 1 0.0067519 -0.2811196 0 1015 49.83915 881.9592 1903.89 42.31059 -0.9307448 -0.3654841 -0.003928612 -0.01353394 0.02372058 0.999627 -23.0861 -13.17954 -0.0009759488 879.7123 1907.307 42.34909 -0.8122624 -0.5832852 0.002877248 
0.002485732 0.00763165 0.0002709929 0.0046964 -0.1409299 0.2865997 1015 49.83915 868.9933 1903.574 42.14977 -0.9579157 0.2862578 -0.0181426 -0.01230723 0.02217398 0.9996784 -1.5749 0.4682243 -0.02978054 870.8622 1900.965 42.38065 -0.813386 -0.581717 0.002918523 
1.746285 0.009006725 0.2725329 0.0055426 0.2536564 0.2840184 1015 49.83915 868.3159 1903.548 42.1424 -0.9998128 -0.009964512 -0.01202115 -0.01223969 0.0220867 0.9996811 -17.74207 0.9383134 -0.2382835 870.4126 1900.643 42.38226 -0.8134357 -0.5816476 0.00292044 
4.617303 -0.009743379 0.728359 0.006857 -0.01950451 0 1015 49.83915 865.8113 1902.547 42.13599 -0.8556122 -0.5174864 0.001012829 -0.01194493 0.02170637 0.999693 -33.6493 -14.65589 -0.08656757 868.314 1899.143 42.3898 -0.8136652 -0.5813263 0.002928086 
4.896052 0.009126975 1 0.0056166 0.1773293 0 1015 49.83915 862.0307 1900.126 42.1476 -0.9052967 -0.4246234 -0.001405274 -0.01139552 0.02098672 0.9997149 -13.78635 -5.911069 -0.03339371 864.6564 1896.532 42.40299 -0.8140309 -0.5808141 0.002940318 
7.272363 0.01135631 1 0.0069885 0.3037977 0 1015 49.83915 858.2824 1896.589 42.18354 -0.4885202 -0.8723878 0.01229127 -0.01072128 0.02008928 0.9997407 -24.49373 -26.71723 0.2749529 860.5238 1893.585 42.41795 -0.8144053 -0.580289 0.002952226 
9.982688 0 1 0.0071274 -0.0005397308 0 1015 49.83915 856.4063 1889.29 42.30866 -0.1853659 -0.9824553 0.01673909 -0.009834929 0.01888977 0.9997731 -9.954637 -36.92949 0.6126682 855.8369 1890.248 42.43497 -0.8147708 -0.5797756 0.002963415 
5.775595 -0.008793687 0.03020476 0.0054115 -0.2927636 -0.1891229 1015 49.83915 853.4443 1883.514 42.38131 -0.5498251 -0.8351367 0.009723631 -0.008751587 0.01740269 0.9998103 -6.243134 -10.53412 0.1293933 851.1112 1886.887 42.45218 -0.8150912 -0.5793251 0.002972264 
7.901574 0.01989203 0.4742413 0.0172672 0.02262795 0 1015 49.83915 848.8144 1879.978 42.39333 -0.880361 -0.474162 0.0008260317 -0.007502222 0.01567095 0.9998491 -32.17333 -22.1551 0.1088117 846.5175 1883.624 42.46895 -0.8153483 -0.578963 0.002979021 
8.320334 -0.01150662 0.006416334 0.007081 -0.02500398 -0.1352294 1015 49.83915 842.2376 1875.249 42.39956 -0.6618112 -0.7495596 0.005811682 -0.004992649 0.01216097 0.9999136 -1.404319 -1.592089 0.01238465 839.8022 1878.858 42.4935 -0.8156581 -0.5785266 0.00298469 
9.157005 0 0.2957566 0.0048296 -0.2856022 0 1015 49.83915 836.3898 1871.207 42.39242 -0.9425337 -0.3339819 0.001104277 -0.001292701 0.006954459 0.999975 -27.08898 -15.62546 0.07333135 833.9831 1874.732 42.5148 -0.8158445 -0.5782638 0.002985568 
11.72555 0.007663825 0.3107032 0.0047162 0.2354113 0 1015 49.83915 827.4463 1869.056 42.38007 -0.9388593 -0.3442561 0.006074749 0.009504658 -0.008276601 0.9999206 -29.10629 -8.061916 0.1285041 827.0302 1869.806 42.54024 -0.8159882 -0.5780608 0.002983356 
13.90284 0 0.7926729 0.0061655 0.030657 0 1015 49.83915 817.8028 1863.4 42.43059 -0.8190629 -0.5735116 0.003347838 0.03981866 -0.05104199 0.9979013 -28.59238 -17.55868 0.1494421 817.9872 1863.401 42.57325 -0.81605 -0.5779735 0.002974461 
15.99905 0 1 0.006598 0.003221738 0 1015 49.83915 807.2447 1855.705 42.45439 -0.8031278 -0.5956556 0.0005350003 0.06814292 -0.09098537 0.9935189 -25.1743 -18.29764 0.04253015 807.3552 1855.869 42.61189 -0.8159477 -0.5781181 0.002954628 
17.81694 -0.009478299 1 0.0058328 -0.223518 0 1015 49.83915 794.8965 1847.082 42.51171 -0.8846455 -0.4656357 0.02102231 0.08092234 -0.1090121 0.9907411 -23.58096 -15.32994 0.2391215 795.0651 1847.157 42.65617 -0.8156004 -0.5786082 0.00292128 
8.887365 0.008302612 0.0005357866 0.0051093 0.1007188 0.3541838 1015 49.83915 782.0482 1842.482 43.08656 -0.9942102 -0.07350973 0.07747331 0.08566694 -0.1156936 0.9895839 -1.526096 -0.1109709 0.1191407 784.2603 1839.485 42.69462 -0.8150806 -0.5793405 0.002880228 
6.617239 -0.005012782 0.145255 0.0051017 0.2580512 0 1015 49.83915 777.1492 1839.887 43.19168 -0.7929587 -0.6092111 -0.002432826 0.08366455 -0.1128529 0.9900827 -21.07756 -12.3712 0.3751037 779.775 1836.295 42.71042 -0.81481 -0.579721 0.002860232 
9.188949 0.009127462 0.623474 0.0056169 -0.1485052 0 1015 49.83915 771.5391 1835.941 43.14433 -0.9107689 -0.4120279 0.02692867 0.07458026 -0.1000104 0.9921875 -29.97297 -18.73735 0.3663298 774.2145 1832.336 42.72985 -0.814415 -0.580276 0.002832287 
8.783154 0.008203162 0.8805309 0.0050481 0.277506 0 1015 49.83915 765.7216 1831.959 43.0459 -0.7142555 -0.6995296 -0.01220837 0.05797512 -0.07656714 0.9953775 -24.21141 -17.48845 0.08252027 768.4694 1828.24 42.74973 -0.8139572 -0.5809181 0.002800902 
11.20434 -0.009005263 0.2451874 0.0055417 0.08677213 0 1015 49.83915 762.0161 1824.165 42.6523 -0.1964446 -0.9792227 -0.0470917 0.04395332 -0.05678434 0.9974183 -12.45565 -31.58578 -1.344104 762.3341 1823.856 42.7707 -0.813385 -0.5817192 0.002763075 
8.201544 -0.00848185 0.01293784 0.0052196 -0.295366 -0.1908261 1015 49.83915 758.3915 1815.903 42.39113 -0.566789 -0.8235056 -0.01785999 0.03719964 -0.04725167 0.9981902 -4.739883 -7.398642 -0.1748364 756.0184 1819.334 42.792 -0.8127185 -0.5826503 0.002719843 
9.207977 0 0.3497742 0.0044589 -0.2161201 0 1015 49.83915 752.3902 1812.176 42.45377 -0.9711094 -0.2369321 0.02346698 0.03483962 -0.04390706 0.9984279 -30.87696 -15.01297 0.4176495 750.2856 1815.219 42.81105 -0.812034 -0.583604 0.002676502 
11.87322 0.00694926 0.335806 0.0046885 0.2095301 0 1015 49.83915 743.2152 1810.848 42.71428 -0.9749233 -0.2207218 0.0233898 0.03344619 -0.04191394 0.9985613 -28.91655 -4.924807 0.770788 743.6287 1810.427 42.83278 -0.8111293 -0.5848611 0.002620901 
14.08469 0 0.76273 0.00612 -0.0274769 0 1015 49.83915 732.6216 1806.581 42.88491 -0.9070429 -0.4205424 0.01246787 0.03254877 -0.04059553 0.9986454 -25.54633 -11.10908 0.3843651 734.6954 1803.97 42.8612 -0.809723 -0.5868068 0.002535149 
15.95701 0.0100009 1 0.0061544 0.2827705 0 1015 49.83915 721.461 1799.88 42.97103 -0.7138633 -0.7000856 -0.004952004 0.03186708 -0.03955852 0.998709 -22.81342 -16.26672 0.08429249 724.2352 1796.364 42.89325 -0.8077541 -0.5895146 0.002417701 
17.55714 -0.0216838 1 0.0271252 -0.13092 0 1015 49.83915 713.81 1787.29 42.71736 -0.4881811 -0.8723907 -0.01873687 0.03166733 -0.03917106 0.9987305 -15.62811 -27.77398 -0.5953131 713.7351 1788.669 42.92382 -0.8053281 -0.592825 0.002274797 
19.16652 -0.009477487 1 0.0058323 -0.3185114 0 1015 49.83915 702.337 1776.046 42.63973 -0.9036628 -0.4277655 0.01205335 0.03195656 -0.03936762 0.9987136 -20.8555 -15.62534 0.05089721 700.484 1778.85 42.95959 -0.8014416 -0.5980695 0.002052645 
0 0.008797424 0 0.0054138 -0.1429141 0.1517331 1015 49.83915 688.8239 1774.256 43.00437 -0.956957 0.2866161 0.04257106 0.0324836 -0.03987671 0.9986765 0 0 0 690.8288 1771.602 42.98317 -0.7978161 -0.6028981 0.001847653 
0 -0.003233066 0 0.0029978 0.1401757 0 1015 49.83915 688.9201 1774.129 42.99616 -0.9659817 0.25473 0.04159141 0.0324836 -0.03987672 0.9986765 0 0 0 690.8288 1771.602 42.98317 -0.7978161 -0.6028981 0.001847653 
-0.4659339 0.003929264 -0.05985378 0.0041879 0.02383683 0 1015 49.83915 688.9684 1774.112 42.9939 -0.9407907 0.3357441 0.0440049 0.03248206 -0.03987514 0.9986766 19.39499 -6.792889 -0.9020787 690.8497 1771.617 42.98312 -0.7978249 -0.6028866 0.001848143 
-3.615466 0.002778731 -0.25 0.0053126 0.1357853 0 1015 49.83915 690.6517 1773.786 42.92601 -0.9958346 0.08246917 0.03561348 0.03241838 -0.03981085 0.9986812 34.33127 -6.485881 -1.374332 691.7441 1772.293 42.98104 -0.7981954 -0.6023958 0.001869073 
-6.602363 -0.00209155 -0.25 0.0058867 0.01056532 0 1015 49.83915 695.194 1774.123 42.79237 -0.9870081 -0.1578088 0.02558272 0.03221877 -0.03961017 0.9986956 33.77499 3.007859 -0.9730361 694.777 1774.577 42.97381 -0.799397 -0.6008001 0.001936436 
-8.063644 -0.00834795 -0.25 0.0051372 -0.1032857 -0.2107635 1015 49.83915 701.7651 1775.167 42.62317 -0.9981382 -0.05054915 0.02998521 0.03199805 -0.03940581 0.9987108 2.448524 0.1297188 -0.07333924 699.4903 1778.109 42.96212 -0.8011053 -0.5985201 0.002033185 
1.029302 -0.004946127 -0.1038855 0.0041427 -0.04612593 0 1015 49.83915 702.8482 1776.655 42.64749 -0.9770031 0.2088736 0.03947283 0.03193739 -0.03935003 0.9987149 -27.94321 5.85373 1.124138 700.9542 1779.201 42.95838 -0.801599 -0.5978585 0.002061528 
4.504969 -0.008080474 0.4391596 0.0049726 -0.2598971 0 1015 49.83915 700.6755 1777.639 42.75567 -0.8115523 0.5819714 0.04893325 0.03197513 -0.03938468 0.9987124 -33.13254 15.51486 1.67188 700.0347 1778.515 42.96074 -0.8012902 -0.5982724 0.002043946 
0.02879375 0.004930967 0.8372936 0.0052802 -0.08435025 0 1015 49.83915 698.1743 1781.107 42.9725 -0.3145384 0.9478933 0.04744865 0.03197317 -0.03938288 0.9987125 2.08351 -6.136196 -0.3086749 700.0816 1778.55 42.96061 -0.8013061 -0.5982512 0.002044863 
2.684647 0.002977421 0.434994 0.0040407 0.1387246 0 1015 49.83915 698.5892 1780.183 42.92282 -0.486473 0.8720765 0.04997273 0.03198046 -0.03938959 0.998712 14.29829 -32.35545 -1.733818 699.9072 1778.42 42.96106 -0.8012471 -0.5983303 0.002041443 
-4.756928 0.002554104 0.1073837 0.0053381 0.0889605 0 1015 49.83915 700.8457 1777.354 42.73898 -0.7015961 0.7105406 0.05048541 0.03197687 -0.03938628 0.9987122 0.242887 -2.39674 -0.1022993 699.9929 1778.484 42.96084 -0.8012761 -0.5982913 0.002043128 
0.6443645 -0.004906281 0.1916502 0.004993 -0.1116039 0 1015 49.83915 702.14 1776.216 42.6527 -0.7482087 0.6612991 0.05001939 0.03196473 -0.03937512 0.9987131 -18.91091 15.65633 1.222511 700.2852 1778.702 42.96009 -0.8013747 -0.5981592 0.002048819 
-4.062493 -0.006904787 0.6702709 0.0042491 -0.2738144 0 1015 49.83915 701.0417 1777.892 42.75397 -0.3683442 0.9282202 0.04838045 0.03196096 -0.03937165 0.9987133 -18.18661 28.57811 1.708806 700.3766 1778.77 42.95986 -0.8014055 -0.5981179 0.002050584 
-7.247117 -0.00881465 1 0.0054244 -0.3207231 0 1015 49.83915 701.0608 1782.827 42.94762 0.3217666 0.9462268 0.02695534 0.03186921 -0.03928791 0.9987196 2.207105 32.55114 1.211441 702.7127 1780.511 42.95382 -0.8021753 -0.5970848 0.002093648 
-9.946833 0.007873612 1 0.0048453 0.01360383 0 1015 49.83915 705.8804 1788.432 43.01367 0.8034729 0.5950097 -0.002180251 0.03169967 -0.03914616 0.9987305 21.35682 21.44431 0.162932 708.4727 1784.786 42.93844 -0.8039089 -0.5947484 0.002193209 
-12.42576 -0.009970837 0.4569793 0.0061359 -0.04379304 0 1015 49.83915 713.5338 1794.607 43.01348 0.7698385 0.637924 0.0006322614 0.03169153 -0.03923479 0.9987273 23.27829 19.36954 0.02158863 716.3275 1790.575 42.91644 -0.8059722 -0.5919489 0.002312561 
-13.35249 -0.008549937 0.7710155 0.0052615 -0.30736 0 1015 49.83915 723.6436 1799.564 42.88913 0.9860882 0.1630885 -0.02503815 0.03191325 -0.03963226 0.9987046 23.84071 7.774749 -0.4527646 725.2828 1797.128 42.89011 -0.8079624 -0.589229 0.002430513 
-0.1531196 -0.010985 0.02501277 0.00676 -0.1431064 -0.1176358 1015 49.83915 733.2538 1798.904 42.55388 0.9633532 -0.2642219 -0.04176014 0.03227056 -0.04018099 0.9986712 14.73645 -3.644526 -0.6228102 731.34 1801.536 42.87164 -0.8091418 -0.5876082 0.002499646 
-0.1144715 0.005536653 0.260207 0.0059222 -0.01565671 0 1015 49.83915 733.2806 1799.043 42.55859 0.7774972 -0.6265576 -0.05034422 0.03227716 -0.04019086 0.9986706 5.145285 -3.986117 -0.3267133 731.4247 1801.598 42.87138 -0.8091568 -0.5875875 0.002500611 
0 0.005506224 0.2959175 0.0058105 0.1693589 0 1015 49.83915 733.2964 1799.095 42.56016 0.9157752 -0.3986116 -0.04564403 0.03227992 -0.04019499 0.9986703 0 0 0 731.46 1801.623 42.87127 -0.809163 -0.587579 0.002501012 
-2.231897 0.007541292 0.6769403 0.0063083 0.2263983 0 1015 49.83915 734.0476 1799.035 42.53321 0.9979311 0.05338093 -0.03014009 0.03231524 -0.04024782 0.9986671 39.09998 -4.534775 -1.446915 731.9073 1801.948 42.86989 -0.809242 -0.5874701 0.002506039 
-5.671125 0.008006537 1 0.0049271 0.3053084 0 1015 49.83915 737.1739 1800.391 42.48498 0.770979 0.6365645 0.0007466075 0.03253947 -0.04058166 0.9986462 35.36206 15.17761 -0.5327542 734.5803 1803.887 42.86156 -0.8097036 -0.5868336 0.002533996 
-8.690536 0.0094302 1 0.0058032 0.3369396 0 1015 49.83915 740.0174 1805.903 42.61531 0.1209871 0.9917833 0.03688758 0.03292877 -0.04115844 0.9986098 12.6584 29.21074 0.7840074 739.058 1807.128 42.84743 -0.8104402 -0.5858158 0.002578257 
-0.3110234 -0.007578513 0.04122171 0.0046637 -0.2475646 -0.07307167 1015 49.83915 740.2146 1812.019 42.86279 0.1965508 0.9797 0.03430028 0.03325225 -0.04163245 0.9985795 2.439178 17.86123 0.6634091 742.1359 1809.351 42.83759 -0.8109125 -0.5851617 0.002607536 
-3.238762 -0.007244331 0.5311371 0.0053196 -0.2667924 0 1015 49.83915 741.026 1813.231 42.88723 0.7175527 0.69621 0.005172162 0.03338826 -0.04183018 0.9985667 21.68147 33.91004 0.6929846 743.222 1810.134 42.83409 -0.8110702 -0.5849431 0.002617315 
-6.554754 0.008966081 1 0.0068751 0.1560671 0 1015 49.83915 744.7 1815.434 42.86035 0.8491921 0.5276802 -0.006344478 0.03399049 -0.04269525 0.9985098 33.87767 22.20593 -0.2048594 746.6426 1812.599 42.82299 -0.8115551 -0.5842698 0.002646588 
-6.001864 -0.0034229 1 0.0021064 0.008459799 -0.2911035 1015 49.83915 749.7286 1819.573 42.87569 0.4854981 0.8737438 0.02190356 0.03539429 -0.04469479 0.9983735 0.1800779 0.324084 0.008119394 751.9641 1816.425 42.8055 -0.812243 -0.583313 0.002689974 
-6.105527 -0.007826325 1 0.0048162 -0.2815542 0 1015 49.83915 753.0935 1822.803 42.91367 0.8333319 0.5524142 -0.004895512 0.03700083 -0.04697058 0.9982108 21.48932 19.45663 0.1139466 755.6866 1819.096 42.79311 -0.8126814 -0.5827019 0.002717544 
-8.817024 -0.008889562 1 0.0054705 -0.3283694 0 1015 49.83915 759.4191 1824.107 42.75449 0.988429 -0.1426407 -0.04840772 0.04122495 -0.05293523 0.997747 33.81981 4.142009 -1.144581 760.4747 1822.526 42.77701 -0.8131983 -0.5819801 0.002751094 
0.221504 0.005079137 0.9642071 0.0055546 -0.1492971 0 1015 49.83915 764.776 1821.665 42.38279 0.6402607 -0.7644878 -0.07345248 0.04494317 -0.05818067 0.9972945 -11.93475 12.86589 1.288466 762.9135 1824.271 42.76873 -0.813441 -0.5816409 0.00276664 
3.008559 0.003555401 0.4778329 0.0062896 0.1268849 0 1015 49.83915 763.8687 1822.664 42.48264 0.7295586 -0.6800776 -0.07218523 0.04472756 -0.05787652 0.9973217 -21.74296 24.33818 2.396062 762.7906 1824.183 42.76915 -0.8134291 -0.5816575 0.002765885 
5.855136 0.0025674 -0.1208316 0.0057535 0.1105485 0 1015 49.83915 760.6037 1824.808 42.74784 0.8960368 -0.4394481 -0.06287651 0.04288789 -0.05528133 0.9975491 -34.46828 22.49508 2.792619 761.6622 1823.376 42.77298 -0.8133189 -0.5818116 0.002758856 
-1.060141 -0.006904439 -0.06005498 0.0067511 -0.2004308 0 1015 49.83915 759.2119 1825.303 42.8298 0.8338245 -0.5483568 -0.06456578 0.04185563 -0.05382501 0.9976734 30.12612 -15.48973 -2.096324 760.9495 1822.866 42.7754 -0.8132471 -0.581912 0.002754231 
4.359145 -0.007532391 0.5570568 0.0069117 -0.2615023 0 1015 49.83915 760.6415 1823.506 42.67305 0.4350812 -0.898081 -0.06695764 0.04200302 -0.05403295 0.997656 27.85128 -33.07454 -2.964745 761.0559 1822.942 42.77504 -0.8132579 -0.5818969 0.002754928 
6.900038 -0.009179625 1 0.005649 -0.3262239 -0.4482698 1015 49.83915 760.8979 1818.525 42.40819 -0.2645144 -0.963843 -0.03823607 0.03943699 -0.05041208 0.99795 -0.4952613 -1.834182 -0.07322284 758.9039 1821.402 42.78231 -0.8130335 -0.5822104 0.002740371 
6.837452 0 1 0.0056775 -0.1881415 0 1015 49.83915 757.3917 1814.847 42.38349 -0.845943 -0.5336851 0.006202621 0.03654737 -0.04632916 0.9982573 -23.80156 -21.83351 -0.1525872 754.8558 1818.501 42.79589 -0.8125874 -0.5828331 0.002711704 
9.728338 0.005736433 1 0.0062591 -0.01162101 0 1015 49.83915 750.7971 1811.712 42.49072 -0.9231421 -0.3847941 0.01517125 0.03452253 -0.04345527 0.9984587 -29.15274 -13.79752 0.4105445 749.0443 1814.327 42.81513 -0.8118746 -0.5838258 0.002666441 
12.22307 0 0.4273974 0.0055398 0.06054256 0 1015 49.83915 742.6335 1806.791 42.56466 -0.7840586 -0.6210772 0.0002259826 0.03316392 -0.04150336 0.9985878 -26.64777 -17.84722 0.1455827 741.3441 1808.779 42.84013 -0.8107955 -0.5853238 0.00260023 
14.43416 0 0.9417496 0.0057853 -0.09406128 0 1015 49.83915 733.4477 1799.433 42.56871 -0.8301166 -0.5580067 0.004372713 0.03230977 -0.04023965 0.9986675 -27.61113 -21.04312 0.04422161 731.8387 1801.898 42.8701 -0.8092299 -0.5874867 0.002505275 
16.54199 0 1 0.0063603 0.07886066 0 1015 49.83915 721.6647 1792.392 42.66826 -0.8515117 -0.5247636 0.006391712 0.03178389 -0.03940982 0.9987175 -26.10679 -15.65693 0.2127476 720.8145 1793.864 42.9034 -0.8070197 -0.5905198 0.002373573 
18.23599 0 1 0.0051431 0.00842415 0 1015 49.83915 709.1506 1783.822 42.72916 -0.8125271 -0.5833283 0.002924556 0.03169766 -0.03914496 0.9987307 -21.84068 -15.2777 0.09364814 708.5823 1784.867 42.93814 -0.8039404 -0.5947058 0.002195021 
19.65924 0 1 0.0052995 0.000883161 0 1015 49.83915 695.7111 1774.068 42.77354 -0.8081077 -0.589438 0.002685455 0.0321915 -0.03958389 0.9986975 -21.89045 -15.90955 0.07366891 695.274 1774.95 42.9726 -0.7995862 -0.6005483 0.001946867 
20.91738 0 0.283888 0.0056845 9.180192E-05 0 1015 49.83915 681.2687 1763.521 42.82096 -0.8076331 -0.5900866 0.002896701 0.03354834 -0.04101452 0.9985952 -20.29486 -14.82262 0.07087319 681.0454 1764.152 43.00438 -0.7931904 -0.6089715 0.001590811 
22.00912 0.01161647 0.6841946 0.0071486 0.1482218 0 1015 49.83915 666.0686 1752.282 42.87147 -0.774243 -0.6332652 0.000293479 0.03611091 -0.04368725 0.9983924 -21.64861 -16.3038 0.06551758 666.1895 1752.568 43.02963 -0.7832735 -0.6216764 0.001053595 
22.97835 0 1 0.0060943 0.02519962 0 1015 49.83915 652.6819 1737.799 42.75298 -0.6274936 -0.7788077 -0.01334904 0.02707684 -0.03893717 0.9988747 -16.44216 -19.10378 -0.2637155 650.9844 1740.192 43.04226 -0.7660753 -0.6427509 0.0002050609 
23.78261 0 1 0.0045994 -0.04028771 0 1015 49.83915 638.1378 1723.395 42.60347 -0.7750286 -0.6322113 -0.01035177 0.02033017 -0.04127935 0.9989408 -17.30696 -15.35955 -0.2392103 635.36 1726.905 42.95504 -0.7591482 -0.650843 -0.009868669 
24.3694 0 1 0.0060552 0.05085234 0 1015 49.83915 621.8076 1709.709 42.23674 -0.719202 -0.6947355 -0.02373852 0.01848621 -0.05325205 0.9984102 -16.73782 -15.0579 -0.4370178 619.282 1712.93 42.60532 -0.7486344 -0.6625785 -0.02315654 
21.14429 0 1 0.0051308 -0.02900741 0 1015 49.83915 607.0547 1695.153 41.37477 -0.7100011 -0.7037293 -0.03350415 0.04005702 -0.08780122 0.9953322 -8.536613 -8.562505 -0.4063743 603.8068 1698.822 41.97905 -0.7256001 -0.6871626 -0.03621921 
21.84144 0 1 0.0059013 -0.002975976 0 1015 49.83915 593.3469 1682.034 40.31047 -0.7273721 -0.6861482 -0.02273813 0.09687896 -0.1353759 0.9860466 -17.11584 -16.23151 -0.6379115 590.2097 1685.222 41.20634 -0.6825573 -0.7296175 -0.04211304 
22.70607 0 1 0.0060094 0.1964803 0 1015 49.83915 580.5457 1667.393 39.35191 -0.4852416 -0.8727705 -0.05601492 0.1615267 -0.1523835 0.9750325 -14.14418 -19.43321 -0.9461074 577.3405 1670.105 40.45667 -0.607842 -0.793535 -0.02881425 
15.08047 0 0.1643745 0.0048084 -0.09320185 0 1015 49.83915 572.7528 1655.587 39.14147 -0.6139322 -0.7894774 0.0121116 0.1612969 -0.1103861 0.9807133 -13.76192 -20.19409 -0.2086291 568.9492 1658.211 40.21237 -0.5454631 -0.83813 -0.00284352 
16.79053 0.00815815 0.5861076 0.0050204 0.04921577 0 1015 49.83915 563.5381 1644.972 39.92823 -0.6667557 -0.7436013 0.05202568 0.1297628 -0.04705809 0.9904275 -19.5183 -22.13895 1.231395 561.657 1646.238 40.38486 -0.4976399 -0.8669451 0.02758089 
18.46461 0 1 0.005761 0.02117975 0 1015 49.83915 554.5342 1632.593 40.86315 -0.5403149 -0.8388842 0.06744711 0.130085 -0.004069012 0.9914944 -16.93924 -24.44957 1.746174 554.3521 1632.913 41.03836 -0.4662568 -0.8827875 0.05736608 
19.97923 0 1 0.0061451 0.05680329 0 1015 49.83915 545.8087 1618.02 42.21519 -0.4543437 -0.8858657 0.09497597 0.161364 0.02301827 0.9866265 -13.21329 -23.18172 2.353586 546.5861 1617.834 42.24236 -0.4425612 -0.8927239 0.08468755 
21.18543 0 0.3803658 0.0097484 0.005910816 0 1015 49.83915 538.2078 1601.69 44.34106 -0.4000207 -0.9067047 0.134175 0.2343834 0.04032961 0.9713076 -10.73363 -23.5916 3.190789 539.6235 1601.531 44.15609 -0.3454064 -0.9299845 0.1257927 
22.20386 0 0.7628171 0.0055169 0.03070641 0 1015 49.83915 532.0246 1584.112 47.12949 -0.2590304 -0.9555861 0.1410288 0.2844099 0.06407753 0.9565591 -7.790952 -25.08471 3.677376 533.7526 1583.772 46.78856 -0.2813046 -0.9477321 0.1505701 
23.1093 0 1 0.0049011 -0.1149473 0 1015 49.83915 526.7589 1565.192 50.42371 -0.3483347 -0.9164478 0.1972167 0.3346696 0.0749394 0.9393477 -6.903619 -21.9735 4.045343 528.6118 1564.851 49.94087 -0.2400164 -0.9565758 0.1653936 
15.4977 0.007949824 0.008839346 0.0048922 0.1769659 0.07055882 1015 49.83915 520.1478 1547.988 54.59023 -0.3478073 -0.9117426 0.2187568 0.376914 0.07767098 0.9229856 -1.42853 -3.660547 0.8908377 524.3538 1546.908 53.11351 -0.2173812 -0.9606735 0.1727765 
16.62172 0 0.3238313 0.0069215 0.02762464 0 1015 49.83915 517.2398 1534.467 56.65369 -0.1364618 -0.9792864 0.1498569 0.3106385 0.1013399 0.9451087 -4.57185 -26.51171 4.299776 521.4073 1533.567 55.5301 -0.2084691 -0.9622173 0.1751531 
18.23379 0 0.7532668 0.005452 -0.0913535 0 1015 49.83915 515.2485 1519.493 58.51595 -0.1815525 -0.968526 0.16948 0.1769942 0.1373613 0.9745797 -4.132248 -28.44917 4.633612 518.277 1518.966 58.19005 -0.2055345 -0.9628587 0.1750964 
19.71755 0 1 0.005276 -0.009559762 0 1015 49.83915 511.3156 1503.555 60.77319 -0.2608504 -0.950048 0.169241 -0.01335023 0.1789139 0.983771 -6.572761 -25.44788 4.584394 514.8452 1503.022 61.06792 -0.2104175 -0.962395 0.1718149 
20.98592 0 0.3252984 0.0068455 -0.0009827639 0 1015 49.83915 506.5522 1486.53 62.82185 -0.2672548 -0.9504957 0.1534622 -0.205992 0.2121537 0.9552769 -7.597291 -27.13927 4.512582 510.9883 1485.955 64.05583 -0.2262374 -0.9601745 0.1639563 
20.22502 0 0.6276187 0.0067184 0.009208603 0 1015 49.83915 501.984 1469.229 65.31814 -0.244674 -0.9565833 0.1537487 -0.2616089 0.2180335 0.9402245 -5.703569 -21.75858 3.482781 506.6046 1468.482 66.92686 -0.2574592 -0.9546643 0.1494356 
21.3372 0 1 0.0100618 0.0009281894 0 1015 49.83915 497.5752 1451.546 67.97504 -0.2361096 -0.9587834 0.1534214 -0.2944326 0.2212748 0.9297024 -7.150668 -28.83283 4.619887 501.3617 1450.877 69.48283 -0.3130829 -0.9416391 0.1236733 
18.22043 0.01010019 0.0005113593 0.0062155 -0.09510658 0.1291453 1015 49.83915 490.6141 1434.262 69.46189 -0.5697169 -0.8209182 -0.002805921 -0.3532616 0.2420747 0.9036624 0 0 0 494.3805 1432.907 71.44656 -0.4180625 -0.9054806 0.07299149 
14.57235 -0.006872569 0.228305 0.0048237 -0.0118464 0 1015 49.83915 484.8048 1423.191 69.73799 -0.4095109 -0.9066223 0.09355821 -0.4073543 0.2739031 0.8712287 -12.40576 -24.95578 1.972365 488.0945 1421.293 72.02271 -0.5459685 -0.8378119 0.002818199 
16.4341 0 0.7118356 0.0058968 -0.1240393 0 1015 49.83915 477.1186 1412.031 69.25604 -0.7091359 -0.6939192 -0.1180828 -0.4404469 0.3065118 0.8438343 -20.16578 -25.43316 -1.456964 479.3381 1409.919 71.33046 -0.6740483 -0.7312221 -0.1047445 
18.19893 -0.008983486 1 0.0055283 -0.08865882 0 1015 49.83915 465.8405 1402.384 66.34597 -0.7737483 -0.6066632 -0.1777431 -0.4603517 0.347845 0.8167495 -22.0957 -18.70261 -4.651987 467.5345 1399.453 68.69788 -0.7904118 -0.5722549 -0.2185612 
19.67796 0 1 0.0045181 -0.01977601 0 1015 49.83915 452.0984 1393.621 62.24075 -0.8396408 -0.4780155 -0.2547399 -0.4530875 0.3616262 0.8148229 -19.96803 -12.03016 -5.873443 452.9443 1390.887 64.07452 -0.8616984 -0.4103574 -0.2984743 
20.81642 0 0.2613008 0.0078389 -0.002033449 0 1015 49.83915 436.9687 1385.247 57.96499 -0.8460805 -0.462666 -0.2615237 -0.4097351 0.2540578 0.8761157 -20.43549 -11.24736 -6.285794 437.3065 1384.654 58.44513 -0.8950645 -0.3033597 -0.3268497 
21.77601 0 0.6097943 0.0046715 -0.04374655 0 1015 49.83915 420.9045 1377.304 52.53856 -0.8914965 -0.3592583 -0.2712516 -0.3011146 0.02752338 0.9531909 -19.55537 -8.743975 -6.101964 420.479 1379.477 52.49085 -0.9140283 -0.2684121 -0.3041504 
22.57467 0 0.9479385 0.0048173 0.0363959 0 1015 49.83915 403.6459 1369.842 46.71978 -0.8744119 -0.4511519 -0.1683287 -0.109254 -0.1546084 0.9819174 -19.82136 -9.43715 -4.525218 402.2947 1373.666 47.32133 -0.9180912 -0.3425731 -0.1993659 
21.29449 0 1 0.0053571 -0.01220094 0 1015 49.83915 386.7635 1360.977 45.04937 -0.8821903 -0.4612327 0.07366145 0.1124712 -0.05668759 0.9920368 -18.47397 -9.725472 0.4588808 384.6179 1364.787 45.66033 -0.8414301 -0.536761 0.06244285 
22.17027 0 1 0.0050249 -0.001280754 0 1015 49.83915 370.3178 1352.316 48.99851 -0.841967 -0.4511416 0.2896787 0.3026141 0.04649715 0.9519784 -22.17072 -11.75138 5.868474 369.0343 1355.046 49.42344 -0.8043838 -0.4998141 0.321175 
23.00199 0.003289219 1 0.0055979 0.002991806 0 1015 49.83915 354.2614 1343.438 56.97495 -0.7729409 -0.4447444 0.4479244 0.509104 -0.01813144 0.8605101 -16.82665 -9.482811 8.822221 353.7005 1345.194 57.49435 -0.7331238 -0.4991574 0.4619201 
23.56593 0 1 0.0051375 0.02498251 0 1015 49.83915 339.6026 1332.643 66.47072 -0.6930152 -0.5827501 0.4192113 0.5958836 -0.1397449 0.7908183 -14.77822 -11.90254 9.102729 339.1317 1334.158 67.24484 -0.6767608 -0.5820447 0.4508012 
24.04288 0 1 0.0097797 0.1571638 0 1015 49.83915 325.552 1318.843 74.38608 -0.5910843 -0.7832193 0.1810668 0.5337043 -0.2136143 0.8182473 -13.67324 -15.67848 5.475016 325.1574 1319.945 75.08287 -0.6184744 -0.7480183 0.2407487 
24.49975 0 1 0.0046919 0.07089642 0 1015 49.83915 314.1382 1301.233 75.82284 -0.4869651 -0.8701279 -0.03481937 0.4094891 -0.2641139 0.8732479 -11.40942 -18.94437 0.4132554 313.0187 1302.004 76.73033 -0.476213 -0.8768672 -0.06571992 
24.96791 0 1 0.0055004 0.06884913 0 1015 49.83915 304.4357 1281.934 73.15588 -0.3715934 -0.9085461 -0.1785761 0.2834826 -0.2952752 0.9123886 -9.416729 -20.55298 -3.329693 303.9647 1282.297 73.56969 -0.3632791 -0.9108968 -0.1956893 
25.44617 0 1 0.0051556 -0.01268408 0 1015 49.83915 296.8229 1261.795 68.73949 -0.353422 -0.9151054 -0.1801632 0.09100585 -0.2260877 0.9698461 -8.118033 -21.33874 -4.362016 296.519 1262.097 68.98817 -0.323773 -0.9237641 -0.2045263 
25.88187 0 1 0.0082619 -0.001291733 0 1015 49.83915 288.625 1240.884 64.89433 -0.364388 -0.9226313 -0.1013011 -0.05949351 -0.08570024 0.9945444 -8.166879 -20.75651 -2.843072 289.1203 1241.079 65.0907 -0.3385802 -0.9325442 -0.1254073 
26.21527 -0.008264912 1 0.0050861 -0.0934543 0 1015 49.83915 280.2267 1220.001 63.75845 -0.3945615 -0.9146397 0.04383632 -0.07545074 0.08018433 0.9939204 -8.181203 -20.00332 0.1094583 280.8536 1219.993 63.95665 -0.3953168 -0.917663 0.04021104 
26.57403 0 1 0.0064835 -0.01059606 0 1015 49.83915 269.6863 1199.664 67.05437 -0.4824638 -0.8500042 0.1971464 0.009003559 0.2210768 0.9752151 -11.07889 -20.30973 3.721271 270.8289 1199.453 67.24185 -0.4627943 -0.8580074 0.2228154 
26.77545 0 1 0.0047849 -0.001110829 0 1015 49.83915 258.3353 1180.154 73.5282 -0.4838925 -0.8233201 0.2860424 0.1791174 0.2272871 0.9572133 -9.583444 -16.36342 5.325078 259.6562 1179.668 73.54665 -0.4786556 -0.8252359 0.2997903 
26.77537 0.009276799 1 0.0057088 0.09652541 0 1015 49.83915 246.9909 1160.739 81.32841 -0.4593179 -0.8264369 0.315376 0.3535535 0.1554981 0.9224 -9.072825 -15.69414 6.01319 248.372 1160.166 81.04591 -0.4678341 -0.821919 0.3249315 
26.79454 0 1 0.0048017 0.01878551 0 1015 49.83915 238.1978 1140.319 88.24366 -0.3393233 -0.9001611 0.2604757 0.4480308 0.08853751 0.8896235 -7.217203 -18.30895 5.554129 237.8629 1140.846 88.51006 -0.4315051 -0.8470358 0.3103775 
26.81871 0 1 0.0049148 0.1541009 0 1015 49.83915 230.7666 1118.936 93.84427 -0.2356525 -0.9541317 0.16555 0.4620872 0.03959315 0.8859507 -5.664924 -18.47047 4.051624 228.644 1120.265 95.04206 -0.3370722 -0.9135336 0.2276895 
24.8023 0 1 0.0063186 0.02583567 0 1015 49.83915 227.6421 1095.969 94.59378 -0.04739308 -0.9932593 -0.06576038 0.5359406 -0.0812084 0.8403407 -0.5598109 -11.61223 -0.6656381 223.4964 1096.208 97.40846 -0.05061971 -0.995038 -0.08564044 
23.93399 0 1 0.0060024 0.2509224 0 1015 49.83915 228.5146 1075.748 89.45235 0.2364663 -0.9087486 -0.3335173 0.6176347 -0.1242953 0.7765806 3.246842 -23.31062 -6.036725 225.5462 1074.298 91.72588 0.2315632 -0.8946421 -0.3820855 
24.66206 0 1 0.007171 0.02538459 0 1015 49.83915 236.0848 1057.672 79.87342 0.4153469 -0.8017434 -0.4215207 0.6019264 -0.1044084 0.7916979 9.70618 -20.96627 -10.65948 233.6163 1055.508 81.61456 0.4589865 -0.7558183 -0.4669775 
25.33876 0 1 0.0061359 0.002698464 0 1015 49.83915 246.0127 1040.308 71.41048 0.4918487 -0.7974966 -0.33902 0.4989753 -0.05978668 0.8645509 12.22078 -20.7116 -9.495318 245.3842 1039.86 71.89217 0.6070956 -0.6843565 -0.4038464 
25.98466 0.008095879 1 0.0049947 0.02446348 0 1015 49.83915 257.5332 1022.535 65.33108 0.5438528 -0.7981297 -0.2450315 0.4106805 -8.121201E-05 0.911779 13.6842 -20.75305 -7.153883 259.581 1025.499 64.55952 0.7116268 -0.6415258 -0.2864141 
20.00192 0 0.1671554 0.0071849 0.1362626 0 1015 49.83915 270.8895 1010.874 60.60375 0.8344016 -0.4523461 -0.303252 0.3757975 0.07391987 0.9237488 20.03241 -13.74003 -7.373534 273.0154 1014.707 59.58243 0.7777765 -0.568274 -0.2685666 
21.23869 0 0.4253036 0.008591 0.01382306 0 1015 49.83915 286.7341 1004.044 55.11463 0.8857362 -0.3384233 -0.3061509 0.3658337 0.1229222 0.9225268 25.99653 -10.79624 -9.16651 287.0215 1005.142 55.00446 0.8137437 -0.5234335 -0.2526626 
22.40757 -0.009802975 0.8488905 0.0060326 -0.05739464 0 1015 49.83915 303.6135 997.813 49.4774 0.8953614 -0.3313219 -0.2851499 0.353923 0.1639672 0.9207894 24.46931 -9.00265 -8.041082 302.4044 995.741 50.46106 0.8395389 -0.4894095 -0.2359084 
23.39535 0 1 0.005454 -0.01178723 0 1015 49.83915 321.4259 989.9044 44.42691 0.8754072 -0.4173666 -0.2285398 0.3234169 0.1684846 0.9311359 22.68048 -10.45494 -6.261107 319.5472 986.1801 45.90349 0.8610497 -0.4604252 -0.2158755 
24.29262 0 1 0.0057336 -0.00120426 0 1015 49.83915 339.9339 981.0312 40.32641 0.8824823 -0.4212439 -0.1910911 0.2675427 0.1272145 0.9551116 22.53202 -10.77646 -5.192235 337.8465 976.7855 41.62681 0.8805595 -0.4341892 -0.189986 
24.97938 0 1 0.0055255 -0.05545991 0 1015 49.83915 358.8303 971.6711 36.98892 0.8602247 -0.4859012 -0.1286829 0.2017494 0.09911478 0.9744092 21.64726 -11.27318 -3.754403 356.954 967.7527 37.92595 0.9005573 -0.4072576 -0.1521108 
25.55176 0 1 0.0069497 0.08299999 0 1015 49.83915 377.9814 960.7089 34.75819 0.8961948 -0.4316966 -0.05572686 0.1313187 0.1460414 0.9805239 21.31845 -11.53871 -1.719955 377.1797 959.2412 35.23411 0.93904 -0.3328699 -0.08604148 
26.09575 0 1 0.0066941 0.082357 0 1015 49.83915 398.9092 952.4917 34.1769 0.9580527 -0.2733793 -0.007355045 0.0512147 0.1529289 0.9869109 23.83857 -8.365414 -0.4813023 398.8023 953.5513 34.1683 0.9825246 -0.1858453 -0.01027147 
26.58932 0 1 0.0062038 0.09083261 0 1015 49.83915 421.549 948.3757 34.52979 0.9937614 -0.04653747 0.04891123 -0.04969495 -0.01154786 0.9986973 24.57657 -3.009641 0.7355242 421.4822 950.2025 34.69759 0.9907554 -0.1248947 0.05296474 
27.00326 0 1 0.0058524 -0.2050707 0 1015 49.83915 444.8551 946.8021 36.35946 0.9628064 -0.2361471 0.09216405 -0.151007 -0.2415686 0.9585599 23.94796 -3.208928 2.302915 444.5683 946.8255 36.47001 0.9779695 -0.186417 0.09394632 
27.36746 0 1 0.0055071 -0.02145505 0 1015 49.83915 466.8861 938.2677 37.88598 0.8976356 -0.420438 0.09271229 -0.2496708 -0.3325003 0.9094549 21.83492 -9.320228 2.004554 467.3274 940.3057 38.90184 0.9191777 -0.3799205 0.1037866 
27.70342 0 1 0.0060544 -0.07120526 0 1015 49.83915 487.8792 926.9519 40.76173 0.8176309 -0.5539614 0.1251823 -0.3344267 -0.2910493 0.896353 20.28452 -12.06543 2.892078 488.4286 928.4818 41.61377 0.817473 -0.5601273 0.1341455 
27.9749 0 1 0.0057912 -0.06526367 0 1015 49.83915 505.7376 910.3009 43.65376 0.619472 -0.7758484 0.07330431 -0.3831034 -0.2211508 0.896841 16.10562 -17.56669 2.050972 507.6695 913.3565 45.38275 0.7402058 -0.651941 0.1645237 
19.86896 0 0.08691211 0.0056356 0.1542523 0 1015 49.83915 519.1046 896.1345 46.60644 0.760691 -0.6098785 0.2012284 -0.3834849 -0.1793952 0.9059567 15.47192 -14.25286 3.665757 522.0211 899.8737 48.73215 0.7001686 -0.6939195 0.1680465 
21.06349 -0.01026317 0.3669874 0.0063158 -0.2274775 0 1015 49.83915 533.2667 885.8737 51.05075 0.7268397 -0.6584963 0.1697429 -0.3007807 -0.08719079 0.949698 22.19875 -17.01652 5.763313 534.2963 887.3171 51.65967 0.6814879 -0.714335 0.159059 
22.22216 0.009736187 0.790466 0.0059915 0.1179952 0 1015 49.83915 544.9189 871.2769 53.80066 0.5936311 -0.7904804 0.1148057 -0.2176872 -0.02176052 0.975776 16.57268 -21.78926 3.35682 547.0792 873.7539 54.48787 0.6772637 -0.7224356 0.1392867 
23.21835 0 1 0.0065628 0.23298 0 1015 49.83915 560.4211 859.4969 56.78138 0.9217368 -0.3162245 0.2021452 -0.229941 -0.0489056 0.9719744 23.59794 -13.52527 4.922499 560.316 859.7341 56.91837 0.6868659 -0.7185103 0.1093644 
8.462353 -0.01156886 0.009806211 0.0071193 -0.2773244 -0.1650557 1015 49.83915 572.847 853.2408 59.58565 0.804893 -0.5577713 0.1771457 -0.2844491 -0.1079344 0.9525965 3.57088 -2.409547 0.7912823 569.1827 850.0471 58.27978 0.6496828 -0.7537042 0.0992049 
10.03344 -0.01198242 0.002751986 0.0073738 -0.3344997 0 1015 49.83915 577.1702 846.8411 60.38458 0.2437689 -0.9619226 -0.07069957 -0.3265053 -0.1513163 0.9330009 18.82423 -34.11216 1.143876 574.0284 844.2602 59.01674 0.6292065 -0.7713891 0.09517232 
10.61451 -0.009299874 0.2166432 0.005723 -0.3249042 0 1015 49.83915 575.9847 838.2286 58.54994 -0.4669167 -0.822084 -0.3104462 -0.3345351 -0.160661 0.9285889 2.469391 -4.474883 0.1500554 577.6665 839.721 59.56405 0.616655 -0.7818182 0.09218054 
-1.465602 0.004340961 -0.2290498 0.0070061 0.07836191 0 1015 49.83915 575.4045 837.1541 58.16218 -0.7018624 -0.6098958 -0.3571251 -0.3336921 -0.1599757 0.9290147 23.26451 19.80633 11.76709 577.9655 839.3414 59.60872 0.6157364 -0.7825704 0.09193656 
-4.022068 -0.002632624 -0.25 0.0044935 0.1016679 0 1015 49.83915 576.9573 839.0327 59.03991 -0.5057399 -0.7973059 -0.3200181 -0.334444 -0.1605886 0.9286348 7.31184 6.989416 3.830489 577.7036 839.674 59.56959 0.6165402 -0.7819123 0.09215028 
-3.507648 -0.003187401 -0.1508179 0.0059356 -0.09904223 0 1015 49.83915 578.7707 841.8564 60.17969 -0.5685958 -0.747191 -0.3353787 -0.3354673 -0.1613146 0.9281393 -13.37165 -19.52873 -8.226675 577.0986 840.4395 59.47905 0.6184489 -0.7803445 0.092645 
0.1999052 0.004715622 0.3842187 0.004988 -0.09168483 0 1015 49.83915 579.8517 843.0057 60.76965 -0.7607319 -0.5304278 -0.3672364 -0.3355411 -0.1613391 0.9281093 -29.36035 -26.7724 -15.26821 576.9875 840.5795 59.46241 0.6188071 -0.7800496 0.09273598 
3.715186 0 1 0.0051176 0.1168952 0 1015 49.83915 578.7479 841.992 60.19455 -0.6104141 -0.7104984 -0.3441786 -0.3355244 -0.1613357 0.9281157 -30.6277 -27.92323 -15.92698 577.0181 840.541 59.46699 0.6187083 -0.780131 0.09271093 
-7.157707 0 1 0.0050302 -0.2287287 0 1015 49.83915 575.5911 838.8617 58.51143 -0.7768607 -0.5066743 -0.3686688 -0.3353282 -0.1612389 0.9282014 -18.35185 -18.29668 -9.809826 577.2332 840.2694 59.49922 0.6180177 -0.7806993 0.09253475 
1.476293 0.007242719 0.7831861 0.0156701 0.1126417 0 1015 49.83915 574.5837 838.3069 58.04919 -0.8079768 -0.4543342 -0.3710209 -0.3354832 -0.1613214 0.9281325 27.37349 13.57974 12.25554 577.0787 840.4645 59.47607 0.6185129 -0.7802918 0.0926613 
-4.746394 -0.002422393 0.2088502 0.0046986 0.006410591 0 1015 49.83915 576.5646 839.9046 59.04335 -0.686617 -0.630844 -0.3577832 -0.3354416 -0.1613024 0.9281504 27.5945 22.11093 13.8155 577.128 840.4023 59.48346 0.6183543 -0.7804223 0.0926209 
-0.006536439 0 -0.25 0.005214 -0.000471711 0 1015 49.83915 579.9919 843.0416 60.82681 -0.6893417 -0.6280074 -0.3583666 -0.3355191 -0.1613342 0.9281178 1.215646 1.107551 0.6319861 577.0269 840.5299 59.46831 0.6186798 -0.7801544 0.09270371 
1.456315 0.006203718 0.01027723 0.0046885 0.05870927 0 1015 49.83915 579.7571 842.827 60.70466 -0.682501 -0.636565 -0.3573769 -0.3355151 -0.1613331 0.9281194 -24.95084 -22.78328 -12.98021 577.0332 840.5219 59.46926 0.6186593 -0.7801713 0.09269851 
4.960679 -0.008638846 0.6253655 0.005994 -0.1792645 0 1015 49.83915 577.9304 840.9407 59.7174 -0.6940934 -0.6233611 -0.3591084 -0.3353819 -0.1612705 0.9281769 -27.63956 -27.96058 -14.84873 577.1873 840.3275 59.49233 0.6181645 -0.7805785 0.09257238 
-0.03795216 0.004856741 1 0.005504 0.002147961 0 1015 49.83915 573.6892 838.9693 57.83762 -0.9075159 -0.2099666 -0.3642717 -0.3353599 -0.1609316 0.9282486 -6.63574 -1.537906 -2.66403 576.4005 841.3178 59.37433 0.6207401 -0.7784551 0.09321764 
0.6320583 0.004723886 0.9041311 0.0075322 0.1755344 0 1015 49.83915 573.7492 839.0676 57.87637 -0.7913866 -0.4887858 -0.37061 -0.3353344 -0.160898 0.9282636 21.26988 10.91195 9.574786 576.3773 841.3469 59.37085 0.6208178 -0.7783909 0.09323668 
-3.758931 0.003312922 0.3964776 0.006208 0.1469407 0 1015 49.83915 574.9609 840.3688 58.53941 -0.5380373 -0.7790204 -0.3291195 -0.3351858 -0.1607089 0.9283497 24.46174 25.99844 13.34047 576.2604 841.4935 59.35328 0.6212114 -0.7780654 0.09333281 
-6.547583 0.002755355 -0.2229142 0.0063371 0.1041907 0 1015 49.83915 576.7891 844.3572 59.87179 -0.2918634 -0.9231733 -0.2603674 -0.3321441 -0.1572908 0.9300217 17.35999 37.33178 12.64047 575.1362 842.8944 59.18406 0.6251245 -0.7748127 0.09425793 
1.049207 -0.007182434 -0.03465295 0.0072933 0.06295396 0 1015 49.83915 577.2172 846.0571 60.29049 0.03089114 -0.9909168 -0.1528912 -0.3290615 -0.1540081 0.9316697 -2.320536 -35.80363 -6.721819 574.482 843.7029 59.0853 0.6275098 -0.7728165 0.09479763 
4.317997 -0.01096736 0.6355599 0.0076906 -0.2560916 0 1015 49.83915 576.9792 843.823 59.85422 -0.2734682 -0.9307368 -0.2567218 -0.3332183 -0.1584574 0.929437 -5.31776 -47.61622 -9.892632 575.4242 842.5369 59.22747 0.6240991 -0.7756675 0.09402066 
7.859578 -0.009033114 1 0.0057585 -0.2145054 0 1015 49.83915 574.7911 839.1652 58.27072 -0.5133916 -0.7993439 -0.3245299 -0.3355786 -0.1612769 0.9281085 -16.02829 -36.82068 -12.12009 576.7442 840.8859 59.42593 0.6196002 -0.7793961 0.09293546 
0.2257448 0.004275685 0.9697367 0.0056853 -0.07963919 0 1015 49.83915 574.1778 838.2693 57.89454 -0.8362457 -0.4122214 -0.3740116 -0.3355634 -0.1613389 0.9281018 13.15442 6.968288 5.967452 576.935 840.6458 59.45454 0.6189774 -0.7799094 0.09277903 
3.191042 0.003165511 0.5120503 0.0056445 0.131762 0 1015 49.83915 575.2811 838.9485 58.41261 -0.7449854 -0.5657021 -0.3676259 -0.3354971 -0.1613269 0.9281267 28.8157 17.82118 13.51517 577.0599 840.4882 59.47326 0.6185732 -0.7802422 0.09267663 
6.278245 -0.002436084 -0.04107509 0.0061689 -0.06925499 0 1015 49.83915 578.2741 841.5418 59.94519 -0.7287911 -0.5882953 -0.365714 -0.3355098 -0.1613314 0.9281215 26.32926 22.06498 13.35329 577.0415 840.5114 59.4705 0.6186326 -0.7801933 0.09269173 
-0.00990905 -0.005699226 -0.2337345 0.0068248 -0.1621837 0 1015 49.83915 579.9578 842.7612 60.76619 -0.8573492 -0.3694534 -0.3740399 -0.3354259 -0.1612944 0.9281573 -3.409427 -1.497581 -1.492378 577.1447 840.3813 59.48595 0.6183008 -0.7804663 0.09260724 
-2.4495 0.008125628 0.1963221 0.0067435 0.1308319 0 1015 49.83915 579.138 842.5983 60.44026 -0.9134223 -0.2083679 -0.3664884 -0.3355737 -0.1613348 0.928099 -37.74953 -8.203691 -15.07168 576.9004 840.6893 59.44935 0.6190897 -0.7798168 0.09280737 
-6.012831 0 0.8533861 0.0063418 -0.04338842 0 1015 49.83915 576.0182 841.1131 59.0504 -0.8202134 -0.4484545 -0.3739569 -0.3352908 -0.1608415 0.9282891 -35.43577 -16.48976 -15.66852 576.3403 841.3933 59.36528 0.6209422 -0.7782881 0.09326714 
-0.4026994 0.004438976 1 0.0041829 0.1752449 0 1015 49.83915 573.0645 839.5876 57.72241 -0.7412496 -0.5758108 -0.3659642 -0.3344164 -0.1597995 0.9287803 -6.092921 -3.612308 -2.815448 575.8485 842.0084 59.29135 0.6226172 -0.7769001 0.09367144 
0.009580921 0.004747008 1 0.0046173 0.1911373 0 1015 49.83915 573.1645 839.6665 57.77196 -0.4161938 -0.8676516 -0.2991502 -0.3344243 -0.1598086 0.9287759 -1.502586 -3.078287 -1.070697 575.852 842.0042 59.29187 0.6226054 -0.7769099 0.09366862 
0.5300899 -0.001648657 1 0.0066159 0.2392255 0 1015 49.83915 573.2097 839.4641 57.75233 0.00854529 -0.9939355 -0.1682689 -0.3346694 -0.160092 0.9286403 -2.189721 -25.92602 -5.256927 575.9642 841.864 59.30875 0.6222191 -0.7772304 0.09357629 
1.412439 0.01070534 0.9989099 0.0065879 0.1794257 0.2293857 1015 49.83915 573.5031 838.501 57.68907 0.1229118 -0.9930794 -0.1279462 -0.3354849 -0.1611062 0.9281729 -0.3919269 3.305804 0.4320745 576.5394 841.1434 59.39519 0.6202769 -0.7788378 0.09310358 
-0.7523364 0.007306579 0.5275735 0.0079702 0.2140048 0 1015 49.83915 573.5802 838.0823 57.64492 0.6040577 -0.8048166 0.07854301 -0.335584 -0.161299 0.9281024 -21.52636 45.45533 0.1156127 576.7868 840.8323 59.43232 0.6194606 -0.7795112 0.09290052 
-1.419991 0.018819 0.3178547 0.0485287 0.1345983 0.1500904 1015 49.83915 572.6509 839.0507 57.47917 0.8574079 -0.4836142 0.2256659 -0.3347579 -0.1601952 0.9285911 0 0 0 576.008 841.8093 59.31533 0.6220692 -0.7773548 0.0935403 
0.1638636 0.01159567 0.3930728 0.0071358 0.321009 0.09765154 1015 49.83915 572.8016 839.9911 57.70108 0.9365619 0.1226152 0.3572106 -0.3336096 -0.1588889 0.9292229 16.25042 0.8144687 5.97332 575.5456 842.386 59.24575 0.6236718 -0.7760233 0.09392075 
-2.964782 0.00610999 0.9298756 0.0053057 0.2476619 0 1015 49.83915 573.7341 840.657 58.14912 0.6448526 0.6932708 0.3504176 -0.3338172 -0.1591201 0.9291092 34.52652 21.6786 16.11529 575.6154 842.2991 59.25626 0.6234272 -0.7762268 0.09386328 
-6.355915 -0.008400112 1 0.0051693 0.03365197 0 1015 49.83915 575.1827 844.2861 59.27949 0.1622128 0.9722734 0.2182088 -0.3292014 -0.154156 0.931596 15.2467 36.06886 11.54156 574.5085 843.6702 59.08932 0.6274114 -0.7728991 0.09477568 
0 -0.004816864 1 0.0058161 -0.2024297 0 1015 49.83915 575.9188 847.8207 60.06569 0.4932274 0.8294455 0.2969989 -0.3202441 -0.1447946 0.9362069 0 0 0 573.1196 845.3696 58.87909 0.6327131 -0.7684225 0.09592462 
2.191314 -0.003897894 0.6515489 0.0057373 0.03694516 0 1015 49.83915 575.4526 847.2156 59.81583 0.5581424 0.7816548 0.3128925 -0.3209061 -0.1454814 0.9358729 -12.82838 -16.30751 -6.914686 573.2079 845.2622 58.89248 0.6323659 -0.7687174 0.09585142 
0.8762276 -0.004699077 0.8590162 0.0059183 -0.1411224 0 1015 49.83915 574.4084 845.9077 59.25721 0.6957544 0.6479437 0.3415399 -0.3222694 -0.1468972 0.9351805 22.39836 24.90301 11.62331 573.394 845.0357 58.92068 0.6316388 -0.769334 0.09569727 
2.845703 -0.007924827 1 0.0051506 -0.2352712 0 1015 49.83915 575.1563 846.2086 59.56616 0.9077159 0.2638068 0.355929 -0.323425 -0.1480993 0.9345897 35.99976 19.84378 15.54421 573.5572 844.8367 58.94541 0.6310064 -0.7698694 0.09556215 
0.3568943 0.01164784 1 0.0071679 0.2180261 0.01527 1015 49.83915 577.1313 846.3529 60.30284 0.9231053 0.1993751 0.3576979 -0.3281474 -0.1530434 0.9321488 13.01573 1.382643 4.807616 574.3129 843.9109 59.05976 0.6281382 -0.7722885 0.09493725 
-0.5051216 0 1 0.0059295 0.1209013 0 1015 49.83915 577.1322 846.3155 60.29774 0.7083201 0.6281816 0.3526661 -0.3282535 -0.1531552 0.9320934 18.27066 14.24777 8.775331 574.3322 843.8873 59.06266 0.6280665 -0.7723489 0.09492135 
-0.01932495 0.005140776 1 0.0052959 0.09060981 0 1015 49.83915 577.2651 846.4502 60.36634 0.6926441 0.6474382 0.3502297 -0.3282056 -0.1531047 0.9321184 3.732064 3.448488 1.880518 574.3235 843.8979 59.06135 0.6280989 -0.7723216 0.09492853 
-0.5356885 -0.005143406 1 0.0054671 0.06286435 0 1015 49.83915 577.1409 846.3896 60.31186 0.4423353 0.8595104 0.2967371 -0.3280872 -0.1529799 0.9321801 11.44605 20.06666 7.323661 574.3021 843.9243 59.05811 0.6281788 -0.7722543 0.09494624 
-0.4754829 -0.005031703 1 0.0057445 -0.1694759 0 1015 49.83915 577.0681 846.4321 60.29127 0.6154108 0.7290457 0.3357708 -0.3278056 -0.1526831 0.9323267 13.20031 17.67953 7.537375 574.2515 843.9865 59.05047 0.6283678 -0.7720954 0.094988 
0.2156108 0.005797799 1 0.0051531 -0.004903813 0 1015 49.83915 577.1156 846.4802 60.31572 0.8424101 0.4241189 0.3656136 -0.3277845 -0.1526609 0.9323376 5.249727 3.099456 2.3529 574.2477 843.9911 59.0499 0.6283818 -0.7720836 0.0949911 
-0.1334809 0.00485301 1 0.0063533 0.1755944 0 1015 49.83915 577.0742 846.4238 60.29233 0.6758149 0.6680797 0.3470812 -0.3278393 -0.1527186 0.9323092 9.594373 8.850216 4.823529 574.2575 843.9791 59.05138 0.6283452 -0.7721144 0.09498301 
-0.2670643 0.004392758 1 0.0051707 0.2021916 0 1015 49.83915 576.9885 846.4236 60.26088 0.3120643 0.9263641 0.2611846 -0.327646 -0.152515 0.9324095 6.475622 16.29547 4.941651 574.2231 844.0213 59.04618 0.6284741 -0.772006 0.09501145 
-0.8802261 0.004715543 1 0.0050986 0.009816519 0 1015 49.83915 576.9562 846.7933 60.30251 0.0998117 0.9874327 0.1951492 -0.3265624 -0.1513762 0.9329712 2.662065 30.71962 5.926201 574.0379 844.2487 59.01817 0.6291709 -0.771419 0.09516454 
-0.003436681 0.00599305 1 0.008536199 -0.1684939 0 1015 49.83915 576.6874 846.7687 60.20037 0.3590548 0.9049572 0.2715245 -0.3259282 -0.1507117 0.9332997 0.8695721 2.20743 0.6601513 573.935 844.3748 59.0026 0.6295605 -0.7710906 0.09524962 
-0.7834818 -0.004868842 1 0.005104 -0.1118147 0 1015 49.83915 576.6918 846.929 60.22481 0.4128175 0.8764943 0.2849789 -0.3254704 -0.1502329 0.9335364 10.59221 24.66402 7.667512 573.8628 844.4632 58.99168 0.6298348 -0.7708592 0.0953093 
-0.4185143 0.005395619 1 0.0052668 0.1169324 0 1015 49.83915 576.6428 847.0001 60.21685 0.4957237 0.8242512 0.3049009 -0.3251159 -0.1498624 0.9337195 11.4071 17.62381 6.80174 573.808 844.5303 58.98338 0.6300438 -0.7706828 0.09535465 
-0.3689645 -0.008552211 1 0.0052629 -0.08866545 -0.07788579 1015 49.83915 576.5269 847.0593 60.18281 0.2644904 0.9421659 0.24258 -0.3246181 -0.1493427 0.9339763 5.454855 20.21788 5.130584 573.7324 844.6227 58.97194 0.6303326 -0.7704388 0.09541715 
-0.1710682 -0.009063438 1 0.0055775 -0.04383513 -0.1632225 1015 49.83915 576.4108 847.1793 60.15715 0.2458348 0.948106 0.2360139 -0.3239073 -0.1486016 0.9343421 3.738064 14.50156 3.60267 573.6271 844.7513 58.956 0.6307369 -0.7700973 0.09550428 
-0.01341464 -0.0120419 1 0.0074104 0.08316459 -0.2881753 1015 49.83915 576.2987 847.3075 60.13402 0.2447326 0.9482519 0.234577 -0.3231626 -0.1478261 0.9347242 1.148469 4.381145 1.089984 573.5197 844.8826 58.93972 0.6311516 -0.7697465 0.09559324 
0.005795415 0.001153614 0.9992153 0.0055562 0.1072835 0 1015 49.83915 576.2364 847.3548 60.11786 0.2825366 0.9346686 0.2449961 -0.3228221 -0.1474719 0.9348984 -0.8069384 -2.643888 -0.695687 573.4714 844.9414 58.9324 0.6313385 -0.7695883 0.09563322 
1.758439 0.008778237 0.6885683 0.0183752 0.03858011 0 1015 49.83915 575.9621 846.5936 59.91098 0.3432978 0.9082841 0.2642285 -0.3244056 -0.1491211 0.9340857 1.128177 -0.29201 0.3723937 573.7006 844.6615 58.96713 0.6304545 -0.770336 0.09544344 
-0.5878308 0.005585028 1 0.0057331 0.1749303 0 1015 49.83915 575.7424 845.9133 59.73263 0.08532591 0.9839724 0.1888147 -0.3260225 -0.1508105 0.9332508 7.810435 37.4102 8.765537 573.9501 844.3563 59.00488 0.6295033 -0.7711388 0.09523714 
-4.205458 0.007752387 1 0.0047707 0.2688674 0 1015 49.83915 575.3141 847.9718 59.86969 -0.3921286 0.9255397 0.007592582 -0.3179175 -0.1423835 0.9373688 -7.253872 42.13805 4.157475 572.8173 845.7362 58.83323 0.6339132 -0.7674013 0.09617537 
-7.317847 0 1 0.0058356 0.1619911 0 1015 49.83915 571.9136 851.6061 59.13807 -0.837399 0.5206484 -0.1928728 -0.288967 -0.1125855 0.9506952 -28.39567 31.27916 -4.69625 569.6665 849.484 58.35363 0.6474441 -0.7556816 0.09880089 
-10.33038 0 0.0579552 0.0041354 0.01667266 0 1015 49.83915 565.0593 854.9342 57.51842 -0.9029539 0.3897592 -0.2054351 -0.2511403 -0.073083 0.9651872 -32.72624 17.04561 -7.408471 564.9814 854.7871 57.63703 0.6708735 -0.7344228 0.1027237 
-13.0103 0 0.5617093 0.0057183 -0.1229234 0 1015 49.83915 556.302 860.2634 55.91163 -0.7330503 0.6727181 -0.1402087 -0.2249402 -0.04222472 0.973457 -24.23285 17.33962 -4.921466 558.1793 861.9736 56.56965 0.684732 -0.7197192 0.1146563 
-15.11756 0 1 0.0048941 -0.01304524 0 1015 49.83915 547.9337 869.1995 54.42925 -0.6558549 0.7506201 -0.126573 -0.2169325 -0.02498986 0.9758667 -19.2918 20.94856 -3.689366 549.7839 870.8698 55.03332 0.6782022 -0.7225774 0.1338796 
-16.96591 0 1 0.0052473 -0.00134895 0 1015 49.83915 538.7301 879.9249 52.44701 -0.6451247 0.7587246 -0.1343151 -0.2436567 -0.03559792 0.9692129 -17.67004 20.63387 -3.601088 540.1379 881.1492 52.9958 0.6777089 -0.7196054 0.1512574 
-18.5644 -0.008785562 1 0.0054065 -0.02350466 0 1015 49.83915 528.7207 891.7151 50.00135 -0.6436967 0.7600008 -0.1309224 -0.3462015 -0.1332475 0.9286464 -18.19434 21.42456 -3.758649 529.4806 892.325 50.52192 0.6870552 -0.7078956 0.1638262 
-19.97035 0.00888355 1 0.0054668 0.05009643 0 1015 49.83915 520.2061 906.2836 49.11275 -0.3869337 0.9265052 0.03198936 -0.3900707 -0.1939825 0.9001204 -11.56133 23.81884 -0.09274843 518.189 903.6246 47.81562 0.709014 -0.6847321 0.1686441 
-10.88906 0.008116387 0.1293168 0.0049947 0.3123505 0 1015 49.83915 513.3289 915.0145 48.09347 -0.7724737 0.6146433 -0.1862552 -0.3872322 -0.2149803 0.8965684 -17.16553 17.68183 -3.272518 510.31 910.9996 45.97684 0.731478 -0.6612568 0.1663719 
-13.02392 0 0.5495445 0.0048757 0.1205198 0 1015 49.83915 503.965 918.0297 44.79696 -0.9301393 0.04099022 -0.3773042 -0.3743931 -0.2321329 0.8977439 -27.11653 5.706078 -10.03455 503.3514 917.074 44.44386 0.75567 -0.6350331 0.1602996 
-7.831828 -0.008682537 0.00310046 0.0053431 -0.2403309 -0.3157396 1015 49.83915 494.1634 919.252 41.02349 -0.9359121 0.1647547 -0.3257699 -0.3576187 -0.2553134 0.8982892 -2.412707 0.4111217 -0.8444766 496.4605 922.6299 43.04797 0.7829034 -0.6036792 0.1504424 
-7.646539 0.00940615 0.2400228 0.0057884 -0.08327055 0 1015 49.83915 489.2209 922.3421 39.89065 -0.7231368 0.6943806 -0.06415874 -0.344256 -0.2755844 0.8975196 -23.94921 17.90796 -3.903752 491.6876 926.1907 42.16835 0.8031836 -0.5787147 0.1413723 
-10.37587 0 0.06743682 0.0053903 0.07102063 0 1015 49.83915 482.8909 927.0988 38.90047 -0.8666142 0.4867162 -0.1458303 -0.3233979 -0.3077097 0.8948342 -27.43926 18.51359 -4.074304 485.0396 930.7413 41.07936 0.8325408 -0.5394979 0.1257657 
-12.75691 0 0.5144007 0.005395 0.007501934 0 1015 49.83915 473.851 931.7455 37.41739 -0.9031591 0.4192204 -0.132993 -0.2864548 -0.3320217 0.8987243 -4.08921 1.902957 -0.6079266 476.0967 936.0967 39.89085 0.8732792 -0.4767019 0.1007588 
-14.1728 0 0.8505353 0.0058127 -0.03209819 0 1015 49.83915 463.3351 936.9391 36.49697 -0.8784568 0.4841765 -0.05498846 -0.2395878 -0.3310359 0.9126958 -25.8849 13.43077 -2.329332 464.8958 941.2695 38.6276 0.9295369 -0.353592 0.1045574 
-16.13461 0.009479275 1 0.0058334 0.1057614 0 1015 49.83915 451.7145 943.4888 36.46046 -0.8848495 0.4749773 -0.02523673 -0.1852943 -0.2953926 0.9372359 -27.09664 15.17522 -0.8913864 452.2113 945.1729 37.2397 0.9661914 -0.2371225 0.1012229 
-17.92993 0 1 0.0048844 0.04720453 0 1015 49.83915 437.5683 948.0804 35.69045 -0.9813118 0.1966546 -0.08470965 -0.1190686 -0.1730091 0.9776973 -25.29814 6.749235 -2.082095 437.7001 948.0075 35.84362 0.9844528 -0.1539688 0.08453058 
-19.31598 -0.01206189 1 0.0074227 -0.2755488 0 1015 49.83915 421.8038 952.1912 34.59381 -0.8992149 0.4452723 -0.03952244 -0.05095343 -0.01426323 0.9985989 -23.04611 8.015796 -1.239981 421.7828 950.1647 34.71379 0.9907235 -0.1248505 0.05365969 
-10.2669 0.00737685 1 0.0045396 0.2736066 0 1015 49.83915 409.69 957.1262 33.56949 -0.9757528 0.2359837 -0.0173355 0.005303004 0.09505399 0.9954587 -14.58114 4.473783 -0.3787936 408.9883 951.864 34.22569 0.9892346 -0.1448694 0.02066972 
-12.24722 0.006987337 1 0.0042999 0.3384482 0 1015 49.83915 400.1302 955.8623 33.61545 -0.8789412 -0.4717894 0.1132657 0.04707748 0.1494076 0.9876537 -25.6929 -7.316689 1.981583 399.7491 953.3747 34.15991 0.9834262 -0.1811665 -0.007235887 
-0.3888451 0.003770288 0.04834342 0.0040647 0.2708284 0 1015 49.83915 394.5851 950.4677 34.74635 -0.3013709 -0.9415621 0.1752958 0.06580543 0.1622373 0.9845548 -7.108826 -17.12015 3.295957 395.3619 954.2339 34.22382 0.978681 -0.204256 -0.02155253 
0.5850793 0.005280197 0.2909317 0.0051241 0.2177166 0 1015 49.83915 394.614 950.4219 34.75195 0.2371825 -0.9650145 0.1431319 0.06566672 0.1621727 0.9845748 3.703953 -23.74902 3.665403 395.3955 954.227 34.22309 0.9787231 -0.2040658 -0.02144051 
2.190622 0.007309405 0.6763601 0.0048179 0.2315355 0 1015 49.83915 395.0741 949.9523 34.79816 0.6793707 -0.7352799 0.07645724 0.06354991 0.16113 0.9848859 21.58135 -33.49637 4.085564 395.9058 954.1216 34.21239 0.9793505 -0.2012025 -0.0197437 
4.039414 0.01018653 1 0.0076833 0.3067092 0 1015 49.83915 397.3699 948.9674 34.80841 0.9899651 -0.165366 -0.02799316 0.05377166 0.154916 0.9864634 35.26159 -14.46569 0.2655042 398.2119 953.6636 34.17501 0.9819306 -0.1888506 -0.01217969 
7.053217 0 1 0.0072534 -0.02628033 0 1015 49.83915 402.1741 949.5668 34.4714 0.9830092 0.1956694 -0.06077582 0.03413307 0.1360545 0.9901113 43.53196 4.083813 -2.476499 402.6519 952.8613 34.15223 0.9858007 -0.1679144 0.001874607 
10.09163 0 0.01732604 0.0064108 -0.1389915 0 1015 49.83915 409.5694 950.4203 34.21213 1.003379 -0.03774435 0.001108888 0.002285094 0.09000551 0.9959396 39.93198 3.123877 -1.101796 409.6497 951.7679 34.24017 0.989473 -0.1429483 0.02254133 
12.71903 0 0.6239367 0.0160431 -0.01354614 0 1015 49.83915 419.8274 949.1328 34.46752 0.9900629 -0.160942 0.04230069 -0.04184818 0.005161724 0.9991106 40.00545 -4.824728 1.040273 419.6252 950.4366 34.60231 0.9908864 -0.1256326 0.04858333 
15.11086 0 1 0.0060801 -0.001434525 0 1015 49.83915 431.8886 947.0604 35.02636 0.9859507 -0.1744459 0.07306714 -0.0925627 -0.1085889 0.9897661 32.56553 -5.530946 2.000598 431.9462 948.8484 35.37787 0.987862 -0.1361647 0.07475817 
17.06213 0 1 0.0063175 -0.09336761 0 1015 49.83915 445.3805 943.079 35.44639 0.9065754 -0.429026 0.03546851 -0.1565427 -0.2518364 0.9550266 30.28139 -10.65818 1.758145 445.7788 946.5906 36.5873 0.9764724 -0.1934221 0.09533402 
12.81596 0 1 0.00582 0.1013415 0 1015 49.83915 457.2872 938.4943 35.76982 0.9609675 -0.2576382 0.1316793 -0.2123241 -0.3200486 0.9233022 22.22165 -7.125636 2.475281 458.4308 943.4723 37.90791 0.9514785 -0.2894918 0.1043331 
14.73311 0 1 0.0060781 -0.117634 0 1015 49.83915 468.6518 934.9885 37.13412 0.9018257 -0.4282463 0.1025665 -0.2612329 -0.3331369 0.9059675 30.93361 -11.07324 4.225524 470.1091 939.1009 39.21627 0.9057431 -0.4112957 0.1023077 
16.7341 0 1 0.0056887 -0.01230915 0 1015 49.83915 480.5905 928.1407 38.38459 0.8439146 -0.5324371 0.1072652 -0.3148318 -0.3189102 0.8939666 26.67946 -15.56745 3.084955 482.627 932.2728 40.72631 0.8433229 -0.5240024 0.1192791 
18.46491 0 1 0.0058518 -0.03066637 0 1015 49.83915 493.0844 918.9485 40.48937 0.7569717 -0.6491797 0.1127421 -0.3554575 -0.2584826 0.898241 23.54408 -18.37264 3.288877 495.6609 923.2432 42.89527 0.7862324 -0.599686 0.1490496 
18.35932 0 1 0.006001 -0.003203417 0 1015 49.83915 505.3725 908.6479 43.10139 0.7239733 -0.6800165 0.1435009 -0.3841423 -0.2197376 0.8967443 10.42098 -9.743069 2.016822 508.2705 912.8255 45.51674 0.7381689 -0.6541287 0.1649935 
18.94524 0 1 0.0078638 -0.0003293745 0 1015 49.83915 517.2223 897.5618 46.01933 0.7129746 -0.6870238 0.1638633 -0.387354 -0.1866475 0.90284 18.80732 -18.04996 4.214607 520.2635 901.6061 48.31078 0.704051 -0.68988 0.1684568 
20.31166 0 0.09334663 0.0057191 -3.492397E-05 0 1015 49.83915 529.3809 885.8154 49.63698 0.7122382 -0.6875438 0.1646749 -0.3209872 -0.1071335 0.9410079 20.14465 -19.45812 4.694316 532.3699 889.3306 51.20754 0.6834491 -0.7119882 0.1611527 
21.60058 0 0.5334038 0.0065779 -3.605232E-06 0 1015 49.83915 542.5543 873.1499 53.28865 0.7167 -0.686483 0.1472268 -0.2207453 -0.02133721 0.9750978 20.13354 -19.32908 4.308857 545.0151 875.9559 54.05719 0.6769564 -0.7219704 0.1431389 
22.7186 0 0.9554626 0.0064044 -0.03471707 0 1015 49.83915 556.3283 859.4194 55.87647 0.6707765 -0.7359152 0.1229645 -0.2252604 -0.042682 0.9733629 19.09063 -19.76234 3.639375 558.3406 861.804 56.59661 0.684931 -0.7195951 0.1142439 
23.73342 0 1 0.0066949 -0.003597951 0 1015 49.83915 569.7246 844.1232 57.42855 0.6509395 -0.7557121 0.1064867 -0.3118421 -0.136107 0.9403295 18.98442 -21.78948 3.225677 572.0853 846.6189 58.72208 0.6368903 -0.7648552 0.09678385 
24.72554 0 1 0.0071204 -0.0003709419 0 1015 49.83915 583.5845 828.0025 59.96871 0.6514797 -0.7564161 0.09612698 -0.2363699 -0.08052392 0.9683087 18.82601 -21.87854 2.918801 585.3088 829.7644 60.68651 0.5982269 -0.7966965 0.08602059 
25.5607 0 1 0.0068179 -3.863322E-05 0 1015 49.83915 597.9756 811.3338 62.47528 0.6525856 -0.7568052 0.06627067 0.08582921 0.1601187 0.9833571 17.85597 -20.68328 2.076176 598.4019 812.0267 62.47531 0.5906907 -0.8033307 0.07579171 
26.22149 0 1 0.0063273 -4.002689E-06 0 1015 49.83915 612.808 794.02 63.58365 0.6482773 -0.760907 0.0477404 0.3332655 0.3391306 0.8797256 16.40696 -19.20517 1.297084 612.0594 793.8469 64.08347 0.6125643 -0.7877275 0.0651961 
26.74558 0 1 0.005801 -4.192224E-07 0 1015 49.83915 627.8903 776.4479 64.69859 0.6557209 -0.7531851 0.06590285 0.3409912 0.3723918 0.8631624 16.35636 -18.95037 1.470139 626.8713 775.9546 65.46385 0.6657812 -0.7442569 0.05308178 
27.25399 0.009625361 1 0.0059233 0.2514779 0 1015 49.83915 644.2381 759.5727 66.03594 0.8004353 -0.6007517 -0.00205313 0.2995128 0.3961013 0.8679838 18.05198 -16.7061 1.004342 643.5838 759.2794 66.54556 0.7532606 -0.6566394 0.03770936 
16.33434 -0.0102297 0.003371249 0.0062952 -0.1731668 -0.1238984 1015 49.83915 663.8217 749.5446 64.5357 0.9169576 -0.3909624 -0.08906875 0.2646488 0.4233044 0.8664724 3.603767 -1.511862 -0.3652164 661.1378 746.0359 67.21968 0.8268435 -0.5617859 0.02695184 
16.18802 0.0087425 0.3108407 0.00538 0.07561884 0 1015 49.83915 674.7175 741.7109 65.2411 0.7492651 -0.6531779 0.1164527 0.2471915 0.4376808 0.8644836 22.88667 -18.53395 2.619405 672.578 738.6283 67.56356 0.8510487 -0.5245794 0.02307746 
17.95574 0 0.7993315 0.0051383 0.01285856 0 1015 49.83915 686.7536 732.6733 66.53728 0.81865 -0.5703337 0.07827858 0.2338889 0.4537419 0.8598919 25.69523 -18.71502 2.605123 685.637 731.0197 67.86353 0.876242 -0.4816017 0.01611639 
19.59807 0 1 0.0057658 0.001310181 0 1015 49.83915 700.4516 723.3766 67.91392 0.8294256 -0.5527083 0.09034474 0.2211377 0.4714032 0.853743 25.78144 -17.44201 2.670087 700.2872 723.4871 68.04549 0.9017467 -0.4322309 0.005402687 
21.03208 0.01010977 0.3353764 0.0062214 0.08145291 0 1015 49.83915 715.2969 713.6295 69.69908 0.8424069 -0.5311107 0.09932673 0.2068603 0.4868189 0.8486556 25.2752 -16.49818 3.039103 716.1839 716.4483 68.01601 0.9262829 -0.3767107 -0.009424127 
22.27446 0 0.7797521 0.0066206 0.02982183 0 1015 49.83915 732.5455 705.5729 70.40163 0.9350503 -0.3567634 -0.0001334363 0.1912033 0.5008138 0.8441722 26.73147 -11.48404 0.5217149 733.6544 710.0208 67.66193 0.9493847 -0.3127445 -0.02932342 
18.22753 0 0.07031452 0.0066421 0.02286276 0 1015 49.83915 749.1547 700.4283 69.92896 0.9602294 -0.2803491 -0.03105315 0.1767625 0.5123462 0.8403906 12.07194 -3.583594 -0.3750542 750.0147 705.2151 66.97987 0.9670006 -0.2495767 -0.05119783 
18.98545 0 0.3895265 0.0073028 0.04197198 0 1015 49.83915 764.9877 697.516 68.56957 0.9872414 -0.1016365 -0.1289126 0.1630698 0.5223699 0.8369814 30.1541 -4.485688 -3.245065 765.358 701.7675 65.99409 0.9794887 -0.1872587 -0.07440428 
20.48578 0.01377691 0.1415935 0.008478099 0.2344993 0 1015 49.83915 782.2482 696.7706 65.8354 0.9695755 0.09372596 -0.2296432 0.1475049 0.5261309 0.8375134 32.22066 -0.4033547 -5.653995 782.0711 699.1977 64.49188 0.9884022 -0.1087098 -0.1060256 
21.84949 -0.01352049 0.6197554 0.0083203 -0.1418778 0 1015 49.83915 799.5286 700.7859 60.49419 0.9328002 0.2252674 -0.2841432 0.1307088 0.5219532 0.8428999 29.18589 7.017674 -9.122189 799.4648 698.2448 62.22783 0.9888995 -0.005033591 -0.1484991 
23.01732 0 1 0.0219036 -0.01899909 0 1015 49.83915 818.4248 703.4726 56.36483 0.9774908 0.09776476 -0.1908624 0.1194326 0.4907814 0.8630583 34.5227 4.386265 -7.565303 818.3599 698.9711 59.08404 0.9813861 0.07552826 -0.1765695 
24.21095 0 1 0.006446 -0.001928332 0 1015 49.83915 838.9586 705.3861 52.91987 0.9819805 0.0895833 -0.1707375 0.1130901 0.4493253 0.8861806 29.71493 2.789875 -5.362805 839.6577 701.3141 55.04612 0.9723773 0.1341214 -0.1910342 
21.70838 -0.01165921 1 0.0071749 0.09911516 -0.1512211 1015 49.83915 859.4738 709.2626 49.30375 0.893566 0.3727627 -0.252526 0.1313537 0.3206054 0.9380534 0 0 0 860.3106 704.542 50.95071 0.9675549 0.1649673 -0.1913722 
13.00311 -0.01182854 0.1193883 0.0072791 -0.2925796 -0.007449185 1015 49.83915 872.0851 711.3118 47.60951 0.9885942 -0.01883985 -0.1513864 0.1522194 0.1829395 0.9712673 5.310183 -0.01396293 -0.8264279 872.9039 706.7516 48.49043 0.9672338 0.1730522 -0.1857733 
14.25687 0.01310091 0.5760917 0.0080621 0.1421234 0 1015 49.83915 883.3408 708.2393 46.39979 0.9470184 -0.2874168 -0.143919 0.1669369 0.05717025 0.9843082 40.78256 -12.17336 -5.477992 883.1229 708.5891 46.56641 0.968499 0.1740352 -0.1781053 
15.34413 0 1 0.0085695 0.1517746 0.05767286 1015 49.83915 896.5284 707.188 43.7332 0.9819418 0.0847637 -0.1680497 0.1750681 -0.08308182 0.9810454 0 0 0 895.7457 710.8264 44.33083 0.9718575 0.1684542 -0.1646699 
16.36455 0 1 0.0285332 0.01995998 0 1015 49.83915 910.276 710.1993 41.32406 0.9567509 0.2659154 -0.1158172 0.1668713 -0.1780178 0.9697743 38.63777 9.466715 -5.257482 909.1256 713.0522 42.19559 0.9772997 0.1541422 -0.1453464 
18.28741 -0.01196422 1 0.0073626 -0.2506697 0 1015 49.83915 924.7839 713.2592 39.51153 0.989404 0.02443835 -0.141386 0.1433991 -0.2085124 0.96745 39.39711 6.902982 -4.902608 924.3668 715.2498 40.15241 0.9851217 0.1265656 -0.1162614 
15.65946 0.009311737 1 0.0057303 0.2516739 0 1015 49.83915 939.3248 713.8088 37.84069 0.9791937 0.1848801 -0.08064591 0.1161907 -0.1901508 0.9748552 26.94489 2.285224 -2.920993 938.9126 716.9144 38.64568 0.9902159 0.104862 -0.09206764 
17.33893 -0.01418739 1 0.008730699 -0.180389 0 1015 49.83915 952.8056 719.3213 37.4594 0.9318584 0.3602865 -0.03563066 0.09178758 -0.1399017 0.9859016 36.52168 14.7768 -1.385346 952.6487 718.3004 37.47913 0.9924331 0.09589181 -0.07669035 
19.15258 0 1 0.006529 -0.03164536 0 1015 49.83915 968.4015 722.3775 36.38222 0.9918168 0.1084297 -0.06182265 0.0681776 -0.05567662 0.9961185 39.4142 7.268517 -2.335942 968.418 719.7715 36.38542 0.9940094 0.09032407 -0.06153835 
19.27146 -0.01525907 0.001631883 0.0093902 0.05766955 -0.0440562 1015 49.83915 985.6555 724.3975 35.14264 0.9744099 0.2161206 -0.05386107 0.04439594 0.04851286 0.9978352 3.997901 0.879414 -0.2205535 985.6316 721.3216 35.44323 0.9948142 0.08976855 -0.04781642 
16.25752 -0.01485737 0.1945185 0.009143 -0.2839983 0 1015 49.83915 1000.043 724.5685 34.41002 0.9727867 -0.2291198 0.005556913 0.02597974 0.1343289 0.9905965 24.38177 -3.071229 -0.3279527 999.9934 722.6403 34.82279 0.9948648 0.0936164 -0.03847116 
8.111875 0.01500671 0.004096239 0.009234901 0.1700255 0.3049665 1015 49.83915 1011.905 721.584 34.67678 0.932811 -0.3543835 0.05580753 0.01300232 0.1888552 0.9819186 1.514365 -0.5754136 0.09013187 1011.561 723.7607 34.41271 0.9945087 0.09955531 -0.03226855 
7.510449 0 0.2677455 0.0083245 -0.02750785 0 1015 49.83915 1017.961 721.5056 34.69699 0.995051 0.08941805 -0.02641067 0.006850369 0.2123848 0.9771621 37.96579 0.7926874 -0.5204076 1017.539 724.3709 34.22721 0.9941798 0.1036119 -0.02951606 
10.05856 0 0.01418535 0.007174 -0.00285754 0 1015 49.83915 1025.594 722.0654 34.62417 0.997056 0.06664557 -0.01589848 -0.0003339052 0.2367654 0.9715669 50.2243 3.215179 -0.9235044 1025.107 725.1824 34.01445 0.9936053 0.1097633 -0.02646782 
10.18423 0.02225974 0.2291062 0.0136983 0.1961913 0.02799864 1015 49.83915 1034.406 723.3876 34.39522 0.9669768 0.2458341 -0.05774801 -0.00780496 0.2576676 0.9662022 2.324743 0.5909781 -0.1389833 1033.816 726.1807 33.79565 0.9927105 0.1181982 -0.0235599 
11.55274 -0.01644693 0.69704 0.0122786 -0.01158064 0 1015 49.83915 1043.118 726.9794 33.53811 0.895408 0.4304996 -0.1082384 -0.01478323 0.272621 0.9620079 41.02542 17.74205 -4.416167 1042.841 727.3016 33.59256 0.9914757 0.1285513 -0.02122426 
13.95099 0.01454407 1 0.0089502 0.09105615 0 1015 49.83915 1053.468 730.71 32.64559 0.9478118 0.3091956 -0.06963984 -0.02239556 0.2845135 0.9584104 44.21376 15.60418 -3.663111 1053.546 728.7667 33.37429 0.9895307 0.1430192 -0.01935294 
10.43363 -0.01279509 1 0.0078739 -0.2560534 0 1015 49.83915 1063.4 733.2388 32.12853 0.9889295 0.1436507 -0.01367414 -0.02921059 0.2920901 0.9559447 25.70668 6.263505 -1.149994 1063.745 730.3232 33.1799 0.9870916 0.1590855 -0.01849317 
12.45987 0 1 0.0080965 -0.03906855 0 1015 49.83915 1073.364 732.4976 32.68271 0.9803607 -0.1721351 0.08981086 -0.03545695 0.2960726 0.9545071 44.30775 -3.458777 2.59104 1073.302 731.9469 33.00119 0.9841756 0.1762251 -0.01852403 
10.79057 0.0148369 1 0.0091304 0.228525 0.1238817 1015 49.83915 1084.396 731.3511 33.48492 0.9982441 -0.009211336 0.0471946 -0.04233656 0.2979507 0.953642 4.303138 -0.07779904 0.214496 1083.694 733.9204 32.801 0.9801602 0.1972463 -0.01950804 
12.2454 0 1 0.0069757 0.06459397 0 1015 49.83915 1093.979 734.0118 33.10132 0.9058085 0.4140292 -0.0830076 -0.04865159 0.2975944 0.9534519 38.02668 12.66949 -2.115907 1093.364 735.9933 32.60147 0.9745514 0.2232078 -0.0206819 
14.533 0 1 0.0081608 -0.140071 0 1015 49.83915 1104.76 738.2258 32.3798 0.9769986 0.2102627 -0.008012434 -0.0554383 0.2939593 0.9542089 39.63992 13.55159 -2.035901 1104.421 738.7032 32.36306 0.9675329 0.2518713 -0.02099956 
16.69258 0 1 0.0081853 0.06998103 0 1015 49.83915 1118.473 740.1921 32.62567 0.9857528 0.1638857 0.01533793 -0.06198752 0.2832797 0.957032 40.82269 6.608803 0.5177723 1117.588 742.3442 32.08126 0.9598481 0.2798083 -0.01997536 
15.49366 0 1 0.0076928 0.05824288 0 1015 49.83915 1132.773 743.6788 32.51476 0.9605792 0.2756203 -0.0104888 -0.06303107 0.256378 0.964519 13.25935 3.632252 -0.1073445 1131.609 746.6212 31.80648 0.953069 0.3022639 -0.01720281 
16.83892 0 1 0.0056473 0.05484394 0 1015 49.83915 1145.433 749.4125 31.78275 0.8513001 0.5200216 -0.05993558 -0.05152231 0.1971816 0.9790132 32.52168 16.37193 -1.78344 1144.76 750.9102 31.59562 0.9484692 0.3166023 -0.01300658 
18.68616 -0.01388953 1 0.0085474 -0.1382664 0 1015 49.83915 1158.563 758.0021 31.07406 0.8516846 0.5219451 -0.02729329 -0.02486635 0.09262618 0.9953907 30.86744 19.81547 -1.590496 1159.048 755.7604 31.44478 0.9457257 0.3248976 -0.006655364 
16.88271 0 1 0.0058188 -0.054226 0 1015 49.83915 1172.357 763.6005 31.34 0.9591625 0.2797139 0.001709794 0.006171272 -0.02727207 0.9996084 28.71316 9.91515 -0.01747974 1173.196 760.6374 31.40398 0.9455224 0.3255533 0.001543855 
18.56488 0 1 0.0061351 -0.005526262 0 1015 49.83915 1187.463 767.4597 31.61511 0.9715908 0.2324609 0.002303757 0.02963235 -0.133668 0.9905822 34.90374 8.898808 0.05316388 1187.867 765.6371 31.50712 0.9479783 0.318103 0.01215422 
20.22871 0 0.06643504 0.0068324 -0.0005682244 0 1015 49.83915 1204.076 771.3611 31.77332 0.9730936 0.2256184 0.01315449 0.03346769 -0.2014222 0.9789326 33.27185 7.827367 0.2803075 1203.971 770.8884 31.82965 0.953603 0.2999053 0.02642366 
21.69408 0 0.6180303 0.0097557 -0.02768482 0 1015 49.83915 1222.036 774.6569 31.94436 0.9912291 0.123835 0.008585115 0.02286743 -0.2501451 0.9679382 35.93234 5.906022 0.3674999 1221.249 776.0313 32.46801 0.9623917 0.2679177 0.04497176 
18.19082 0.01028869 0.06091224 0.0063315 0.1965115 0 1015 49.83915 1239.552 777.5971 32.45151 0.9637328 0.2544534 0.06626716 0.009422021 -0.2852806 0.9583979 19.33103 4.038432 0.9611748 1238.659 780.4449 33.45798 0.9749963 0.2141538 0.05929314 
19.48051 0 0.4950075 0.007744 0.02557879 0 1015 49.83915 1254.651 784.0456 34.382 0.8816708 0.448102 0.1406734 -0.003042925 -0.294063 0.9557816 29.39023 13.41073 4.083602 1254.513 783.2805 34.29615 0.988847 0.1414729 0.04655295 
15.13021 0 0.7744083 0.008627 -0.1702081 0 1015 49.83915 1268.733 788.0278 35.56718 0.9970359 0.05286067 0.03280548 -0.01878951 -0.246879 0.9688628 24.4026 3.542716 1.362126 1268.828 784.972 34.94027 0.9943583 0.09640122 0.04425798 
16.859 0.006115401 1 0.0050525 -0.009048257 0 1015 49.83915 1282.631 787.3103 35.61454 0.993509 -0.1000958 0.02601867 -0.04072287 -0.1473145 0.9882508 30.83446 -1.996868 0.6948137 1282.572 786.1098 35.58314 0.9961562 0.07169372 0.0503293 
18.54756 0 1 0.0064614 0.08814927 0 1015 49.83915 1298.134 788.4344 36.3517 0.9648843 0.2472731 0.07291307 -0.07252108 -0.01108933 0.9973046 27.5829 4.198762 1.820309 1298.004 787.1438 36.47794 0.9955713 0.06588686 0.06705759 
15.49967 0 1 0.0145535 -0.2381805 0 1015 49.83915 1312.645 791.4261 37.1586 0.992141 0.04065816 0.1059243 -0.1097823 0.1034853 0.9885547 22.28363 2.867024 2.095911 1312.474 788.1934 37.62782 0.9923031 0.08211329 0.09269109 
17.10036 0 1 0.0059543 0.04793273 0 1015 49.83915 1326.811 790.4557 38.92809 0.9841982 -0.04211537 0.1636968 -0.1550673 0.1632671 0.9743195 27.41132 -1.77473 4.216633 1326.7 789.6157 39.20106 0.9845922 0.1194168 0.12774 
17.41437 0.01026317 1 0.0063158 0.106006 0.2040132 1015 49.83915 1342.001 789.1871 41.91874 0.9622136 -0.1259673 0.2356245 -0.2130166 0.1719251 0.9618033 1.060616 -0.1389626 0.2589267 1341.398 791.8452 41.45998 0.9679086 0.1810243 0.1743067 
14.05214 0 1 0.006363 0.1851283 0 1015 49.83915 1353.538 791.3043 44.34217 0.8905253 0.4148524 0.1791595 -0.2640647 0.1557776 0.9518423 25.62651 7.625106 5.4471 1352.72 794.3467 43.76746 0.9451915 0.2442149 0.216733 
15.90689 0 1 0.0184763 0.01900886 0 1015 49.83915 1364.592 798.1935 46.67497 0.7979122 0.5664112 0.199381 -0.3184001 0.1174169 0.9406567 25.0138 16.30782 5.736056 1364.165 797.8164 46.72763 0.9097809 0.3203631 0.2639444 
17.66423 0 1 0.0081775 -0.08525397 0 1015 49.83915 1376.177 806.3463 50.2837 0.8142014 0.4895002 0.3076767 -0.3826082 0.05677537 0.9221646 22.57471 15.12127 7.543435 1377.139 803.2392 51.02391 0.8509527 0.4168032 0.3196322 
19.15703 0 1 0.0053573 0.1144535 0 1015 49.83915 1388.87 814.5119 56.22407 0.6959836 0.6128227 0.3704449 -0.4621646 -0.01113445 0.8867243 18.8022 13.77212 9.08643 1390.469 811.0375 57.16427 0.7525885 0.511476 0.4147332 
18.5116 -0.01260033 1 0.0081088 -0.2701768 0 1015 49.83915 1400.439 823.4873 63.47284 0.7807059 0.3662753 0.5034977 -0.5220852 -0.05699308 0.8509873 17.04651 10.85585 10.76527 1402.269 819.9542 64.50928 0.6806521 0.5630279 0.4687356 
0 0.009266725 0 0.0057026 -0.1774091 0.1967468 1015 49.83915 1412.165 824.4443 71.29634 0.7885864 -0.3350912 0.512732 -0.5619654 -0.06019923 0.8249652 0 0 0 1410.421 827.06 70.44903 0.6426353 0.5872115 0.4921401 
-0.08040489 0 -0.01092676 0.0048235 -0.1058987 0 1015 49.83915 1412.093 824.5552 71.25523 0.7351959 -0.4894573 0.4650921 -0.5619613 -0.06020034 0.824968 -7.636975 4.90787 -4.84415 1410.42 827.0593 70.44842 0.6426386 0.5872095 0.4921382 
-2.874037 0.003211955 -0.25 0.0048131 0.1347222 0 1015 49.83915 1411.219 825.0421 70.68491 0.7863039 -0.3458591 0.5076678 -0.5601217 -0.06072181 0.8261794 -26.66093 14.88777 -17.03192 1410.072 826.7417 70.18224 0.6440791 0.5863163 0.4913198 
-5.921808 0 -0.25 0.0074445 0.07875622 0 1015 49.83915 1407.994 825.7534 68.5384 0.8322271 -0.06531348 0.5462809 -0.5511022 -0.06262179 0.8320849 -22.25608 5.442047 -14.5344 1408.341 825.181 68.87486 0.6514692 0.5817122 0.4870307 
-5.566584 -0.007721025 -0.25 0.0047514 -0.0789732 -0.2423946 1015 49.83915 1403.58 825.4598 65.61478 0.8415402 -0.01124131 0.5357397 -0.5365857 -0.06194197 0.8415694 0 0 0 1405.358 822.5635 66.68557 0.6651453 0.5730695 0.4787195 
0 0 -0.2447721 0.0050065 0.03691791 0 1015 49.83915 1402.86 824.4847 65.07787 0.8324662 -0.2055855 0.5100501 -0.5323573 -0.06090263 0.8443264 0 0 0 1404.461 821.7942 66.04321 0.6695164 0.5702685 0.4759646 
0 0 -0.2447721 0.0065357 0.003868419 0 1015 49.83915 1402.86 824.4847 65.07791 0.8367581 -0.1732834 0.5150861 -0.5323572 -0.06090261 0.8443264 0 0 0 1404.46 821.7942 66.0432 0.6695165 0.5702685 0.4759646 
0 0 -0.2447721 0.0029352 0.000397167 0 1015 49.83915 1402.86 824.4847 65.07791 0.8371897 -0.1698858 0.5156033 -0.5323572 -0.06090261 0.8443264 0 0 0 1404.46 821.7942 66.0432 0.6695165 0.5702685 0.4759646 
0.4197207 0 -0.1795966 0.006377 4.140631E-05 0 1015 49.83915 1402.9 824.4766 65.10297 0.8372108 -0.1695514 0.5157712 -0.5324552 -0.06093068 0.8442627 18.83311 -3.814181 11.60024 1404.481 821.812 66.05804 0.6694136 0.5703347 0.47603 
3.591851 0.004311287 0.3550805 0.0026531 0.1581175 0 1015 49.83915 1404.314 824.2208 65.99076 0.8410666 -0.09177908 0.5291038 -0.536293 -0.06188189 0.8417605 34.22415 -6.146539 21.23986 1405.296 822.5102 66.64108 0.6654426 0.5728796 0.4785335 
7.032134 0.00617246 0.9269369 0.0050945 0.08645307 0 1015 49.83915 1408.162 825.0068 68.58834 0.7794321 0.3143173 0.5380611 -0.5497201 -0.0627668 0.8329874 23.7441 4.399379 15.68909 1408.067 824.9368 68.67044 0.6526725 0.580959 0.4863187 
7.634567 0 1 0.0063379 0.06698668 0 1015 49.83915 1412.744 828.2673 72.02396 0.6173036 0.6237993 0.4749643 -0.5707077 -0.0588582 0.8190417 1.790916 0.3318264 1.183362 1412.264 828.7612 71.87527 0.6352992 0.5917469 0.4962156 
4.848155 0 0.7941487 0.006241 0.006889464 0 1015 49.83915 1416.239 832.1228 74.85974 0.5765553 0.6686244 0.4651593 -0.5882514 -0.05408496 0.8068676 -17.46989 -20.05948 -13.99225 1415.995 832.3005 74.84385 0.6218312 0.6000513 0.5032537 
0.9000452 0 0.2667107 0.006669 0.0007053818 0 1015 49.83915 1417.617 833.7347 76.00472 0.5704712 0.6729305 0.466377 -0.5957742 -0.05046511 0.8015651 -13.77052 -16.10256 -11.17701 1417.507 833.7689 76.07523 0.6168847 0.6031137 0.5056747 
-0.04591921 0 0.09588456 0.0050179 7.384631E-05 0 1015 49.83915 1417.762 833.9072 76.12639 0.5698579 0.6733817 0.4665066 -0.5965984 -0.05002487 0.8009794 -2.374545 -2.776674 -1.927327 1417.671 833.9297 76.21014 0.6163639 0.6034371 0.505924 
-0.2278006 0 0.06296076 0.005892 7.681938E-06 0 1015 49.83915 1417.687 833.8188 76.06373 0.569958 0.6734512 0.4663153 -0.596198 -0.05023958 0.8012641 -3.911426 -4.616862 -3.197687 1417.591 833.8515 76.14456 0.6166165 0.6032801 0.5058032 
-2.763422 0 -0.25 0.0050565 8.062261E-07 0 1015 49.83915 1417.034 833.0475 75.5192 0.5710999 0.6735573 0.4647737 -0.5927233 -0.05203005 0.8037233 -21.62391 -25.52742 -17.6467 1416.898 833.1752 75.5774 0.6188414 0.6019005 0.5047287 
-5.805264 0 -0.25 0.0066502 8.120342E-08 0 1015 49.83915 1414.841 830.4698 73.70896 0.5752893 0.6739286 0.4589713 -0.5812768 -0.05662301 0.811733 -24.66701 -28.99376 -19.8766 1414.548 830.9128 73.67995 0.6268475 0.596958 0.5007032 
-8.602508 0 -0.25 0.0063474 8.457429E-09 0 1015 49.83915 1411.126 826.1454 70.71509 0.5835957 0.6748269 0.4471849 -0.5624333 -0.06007457 0.8246557 -17.4188 -20.27263 -13.62127 1410.511 827.1423 70.51802 0.6422657 0.5874407 0.4923492 
-9.179753 0 -0.25 0.0048025 8.973172E-10 0 1015 49.83915 1406.464 820.8002 67.11124 0.5952889 0.6761152 0.4293374 -0.5365994 -0.06194474 0.8415605 -1.37801 -1.603777 -1.077585 1405.361 822.566 66.68766 0.6651314 0.5730783 0.4787282 
-8.830914 0 -0.25 0.0058702 9.271812E-11 0 1015 49.83915 1401.667 815.411 63.65748 0.6105627 0.6777958 0.4045716 -0.5115063 -0.05121779 0.8577514 -0.09802114 -0.1140805 -0.07665122 1400.042 818.1407 63.00175 0.6926811 0.5550232 0.4605878 
-8.102612 0.00888355 -0.25 0.0054668 0.03196644 0.04350232 1015 49.83915 1396.927 810.3628 60.56577 0.6266124 0.681426 0.3726508 -0.4852064 -0.03169116 0.8738248 0 0 0 1394.808 814.1123 59.67455 0.7237803 0.5332708 0.4379075 
-2.913199 0.008451463 -0.25 0.0052009 0.3145904 0.2960687 1015 49.83915 1393.32 809.0804 58.50845 0.2422912 0.9567536 0.1475962 -0.4690236 -0.01744355 0.8830137 0 0 0 1391.735 811.9089 57.87243 0.7439036 0.5182353 0.4219497 
0 0 -0.25 0.0062362 0.1574842 0 1015 49.83915 1393.089 809.1797 58.38499 -0.3613684 0.9137813 -0.1742165 -0.4682664 -0.01675329 0.8834287 0 0 0 1391.594 811.811 57.79265 0.7448588 0.5174998 0.4211659 
-0.1085977 0.005421418 -0.2324093 0.0052495 0.06649394 0 1015 49.83915 1393.086 809.185 58.38352 -0.4784259 0.8430038 -0.2376058 -0.4682658 -0.01675268 0.8834291 -6.109766 10.99126 -3.030079 1391.594 811.8109 57.79258 0.7448596 0.5174991 0.4211652 
-2.805629 0.0120866 0.2742796 0.0151591 0.2072212 0 1015 49.83915 1392.324 810.0064 57.99174 -0.7216264 0.5810894 -0.3709918 -0.4671643 -0.01574662 0.8840302 -28.15383 31.85696 -14.31298 1391.389 811.6692 57.67728 0.7462503 0.5164242 0.420019 
-6.027243 0.0122616 0.9537426 0.0075456 0.2876413 0 1015 49.83915 1389.023 811.067 56.2444 -0.8879 -0.01293345 -0.4554918 -0.4563687 -0.005722579 0.8897721 -40.19173 14.30319 -20.72185 1389.416 810.3295 56.5912 0.759974 0.5055927 0.4084283 
-8.747262 0.01019379 1 0.0062731 0.2974363 0 1015 49.83915 1383.696 808.6443 53.54701 -0.6914814 -0.64835 -0.3122098 -0.4273912 0.02058714 0.9038325 -29.75381 -7.747038 -14.78399 1384.43 807.1857 54.07742 0.7968873 0.4740722 0.3744714 
-9.165713 0.008493712 1 0.0052269 0.3102849 0 1015 49.83915 1380.295 801.8798 52.25927 -0.1414958 -0.9878479 -0.009722933 -0.3947044 0.04750474 0.9175793 -4.993917 -1.300273 -2.481364 1379.289 804.3213 51.85019 0.8381589 0.4330272 0.3315925 
0 0.005745191 1 0.0065765 0.09311473 0 1015 49.83915 1380.175 801.5294 52.22955 -0.02003223 -0.9967952 0.04438451 -0.3930602 0.04878487 0.9182177 0 0 0 1379.03 804.1876 51.74802 0.8401474 0.4307176 0.3295766 
0 0.004862804 1 0.0054202 0.1923015 0 1015 49.83915 1380.175 801.5294 52.22955 0.3185757 -0.9273795 0.1856439 -0.3930602 0.04878487 0.9182177 0 0 0 1379.03 804.1876 51.74802 0.8401474 0.4307176 0.3295766 
0 0.003770707 1 0.0025539 0.1966446 0 1015 49.83915 1380.175 801.5294 52.22955 0.6660469 -0.6704588 0.3207352 -0.3930602 0.04878487 0.9182177 0 0 0 1379.03 804.1876 51.74802 0.8401474 0.4307176 0.3295766 
0 0.004829253 1 0.0051844 0.2027973 0 1015 49.83915 1380.175 801.5294 52.22955 0.8789605 -0.2665093 0.3904151 -0.3930602 0.04878487 0.9182177 0 0 0 1379.03 804.1876 51.74802 0.8401474 0.4307176 0.3295766 
0 0.005382878 1 0.0052953 0.1968166 0 1015 49.83915 1380.175 801.5294 52.22955 0.9027 0.1998722 0.3757984 -0.3930602 0.04878487 0.9182177 0 0 0 1379.03 804.1876 51.74802 0.8401474 0.4307176 0.3295766 
0.158642 -0.005080084 1 0.0050738 -0.0426585 0 1015 49.83915 1380.183 801.5347 52.23272 0.8032253 0.5001879 0.3173291 -0.393108 0.04874773 0.9181992 11.91528 7.500701 4.7023 1379.037 804.1915 51.75104 0.8400908 0.4307843 0.3296334 
3.036796 -0.00591565 1 0.0036404 -0.2272092 0 1015 49.83915 1381.298 801.9245 52.68317 0.9047763 0.1662751 0.3870084 -0.3996625 0.0436077 0.9156243 34.91796 12.80403 14.43189 1380.034 804.7118 52.14872 0.8318532 0.4400464 0.3381722 
6.477035 0.01017104 1 0.0062591 0.2411826 0 1015 49.83915 1385.06 802.6284 54.33484 0.8596063 0.326833 0.3876581 -0.4195563 0.02730403 0.9073185 35.46518 8.421869 15.6387 1383.155 806.4387 53.48933 0.806789 0.4649294 0.3646013 
9.501679 0.0131677 1 0.0081032 0.3073986 0 1015 49.83915 1389.991 807.1498 56.70525 0.4653072 0.8507698 0.2359619 -0.4511504 -0.0007759164 0.8924476 23.9358 24.5084 11.36509 1388.48 809.713 56.09402 0.766659 0.5001604 0.4025863 
12.1039 -0.01081892 0.4078274 0.0066578 -0.2530937 0 1015 49.83915 1393.698 815.6358 58.95529 0.4956019 0.8118685 0.3020428 -0.4835391 -0.03028038 0.8747985 13.85621 27.6927 7.988931 1394.486 813.8759 59.48046 0.7258217 0.5317836 0.4363346 
14.29062 0.008663037 0.8467619 0.0053311 -0.1313001 0 1015 49.83915 1401.615 822.0687 64.10482 0.7981876 0.3101754 0.5125029 -0.5234493 -0.05761734 0.8501069 20.65246 13.09648 13.04018 1402.56 820.195 64.70979 0.6791369 0.5640224 0.4697371 
16.16291 0 1 0.0063594 0.1293212 0 1015 49.83915 1411.567 827.5571 71.1345 0.6491568 0.5796347 0.488408 -0.5657426 -0.05940126 0.8224409 19.47615 13.43257 13.87801 1411.179 827.7557 71.03219 0.6395591 0.5891165 0.4938689 
17.85847 0 1 0.0074431 -0.05216429 0 1015 49.83915 1421.35 836.4309 79.05341 0.6664501 0.507696 0.5422032 -0.6117066 -0.04074629 0.7900334 18.19235 15.23491 14.50199 1420.715 836.9467 78.73832 0.6073248 0.6090922 0.5100617 
19.32952 0 1 0.0058691 0.01667803 0 1015 49.83915 1431.652 845.4067 87.89594 0.6108536 0.5873198 0.5271299 -0.6311688 -0.03882386 0.7746738 17.3479 15.90682 14.75869 1430.38 846.9548 87.08736 0.5860524 0.6234965 0.517489 
20.67103 0 0.2057783 0.0061027 0.05407963 0 1015 49.83915 1442.053 856.2145 96.80248 0.5519004 0.6679074 0.4951136 -0.57217 -0.1277469 0.8101251 15.67866 17.21034 13.80963 1440.462 857.8947 96.09296 0.5755827 0.6338418 0.5166711 
21.81301 0 0.6038815 0.0049104 -0.02662761 0 1015 49.83915 1452.303 868.5665 105.6469 0.5823159 0.6373806 0.4999594 -0.4285048 -0.2818775 0.8584463 14.90115 17.16339 13.11789 1451.009 869.5772 105.4819 0.577873 0.6402832 0.5060634 
22.81269 0 0.9937808 0.0026193 -0.002750957 0 1015 49.83915 1464.067 880.9612 114.7993 0.6083034 0.6320198 0.4735568 -0.2119827 -0.4470987 0.8690087 14.7565 15.44438 11.82689 1462.432 882.0825 115.1267 0.5977939 0.6417173 0.480459 
23.52677 -0.006936783 1 0.0049645 -0.0202086 0 1015 49.83915 1476.55 894.0295 123.815 0.6182656 0.6544986 0.428034 -0.08103229 -0.4907895 0.8675022 13.24878 13.95771 9.49646 1474.943 894.9879 124.3571 0.6465339 0.6326989 0.4262452 
24.22806 -0.01065772 1 0.0065586 -0.08674666 0 1015 49.83915 1491.298 906.9435 131.4268 0.7521333 0.5973021 0.2671817 0.04185809 -0.4514144 0.891333 17.5839 14.54771 7.671083 1489.724 908.0961 132.235 0.7550713 0.5870939 0.291877 
24.72919 -0.008278563 1 0.0050945 -0.06611234 0 1015 49.83915 1509.198 918.0872 134.1092 0.8753902 0.4765209 -0.0164737 0.2481398 -0.4257621 0.870147 19.20251 10.90746 0.9776922 1508.355 919.5767 135.2278 0.9054105 0.4194146 -0.065686 
25.22042 -0.01051424 1 0.0064703 -0.05809138 0 1015 49.83915 1528.843 926.949 128.6262 0.8538916 0.3573363 -0.3692076 0.4665805 -0.233499 0.8531013 21.47179 9.149726 -7.044874 1528.67 925.7658 128.5433 0.8657056 0.1491968 -0.4778093 
25.70266 0 1 0.008673101 -0.04481019 0 1015 49.83915 1548.104 931.7482 115.5625 0.875405 0.1058991 -0.4628356 0.4516052 0.1267602 0.8831673 20.41362 3.546453 -11.13332 1548.421 928.483 116.0144 0.8373818 0.1324395 -0.5303303 
26.15428 0 1 0.006251 0.07001106 0 1015 49.83915 1568.5 935.858 104.8619 0.8929182 0.3206275 -0.3015893 0.2218732 0.2648096 0.938428 21.49345 5.976113 -8.373994 1569.146 933.7955 105.4409 0.8889308 0.3296235 -0.3180318 
26.51525 0 1 0.0073922 0.07852019 0 1015 49.83915 1588.951 945.1771 100.9616 0.8492709 0.5032827 -0.128113 0.05041083 0.1656433 0.984895 23.74768 12.14189 -4.766973 1589.531 943.6362 101.3416 0.8638155 0.5009702 -0.05318016 
26.95887 0 1 0.0064371 0.008114254 0 1015 49.83915 1608.281 958.2151 100.8766 0.8091642 0.5795715 0.01937688 -0.06815457 0.06186228 0.9957552 21.59972 14.98715 -0.2682918 1609.424 955.8301 101.253 0.8429347 0.5371586 0.03035848 
27.20419 0 1 0.0073783 -0.0551805 0 1015 49.83915 1627.792 971.6021 101.9992 0.8549003 0.5051466 0.07072434 -0.1139166 0.05389902 0.9920271 18.09247 11.56758 1.250816 1629.219 968.7823 102.4664 0.8291006 0.554945 0.0680315 
27.36262 0 1 0.0051232 0.03000989 0 1015 49.83915 1648.092 983.9959 103.8759 0.8168675 0.5620522 0.08805103 -0.1783435 0.1059462 0.9782478 18.49552 12.06898 1.912309 1648.957 982.239 104.3737 0.8184599 0.5675973 0.08920082 
27.68189 0 1 0.0056543 0.003079772 0 1015 49.83915 1667.59 997.9908 105.971 0.7990503 0.5856456 0.09651846 -0.23385 0.1610391 0.9588437 18.01508 13.06728 2.112865 1668.557 996.0422 106.684 0.8093101 0.5785558 0.1014422 
27.89698 0 1 0.0234811 0.0002845276 0 1015 49.83915 1687.968 1013.028 108.6252 0.7954247 0.5892661 0.1042059 -0.2340215 0.145913 0.9612203 21.60776 15.9778 2.783767 1688.374 1010.426 109.269 0.8003058 0.5898779 0.1074928 
28.09259 0 1 0.0051844 2.933879E-05 0 1015 49.83915 1707.639 1027.62 111.5496 0.7946059 0.5897738 0.1067747 -0.1814768 0.0668798 0.9811185 17.32239 12.85513 2.32553 1708.726 1025.691 112.0323 0.7899839 0.6036772 0.1072347 
28.15209 0 1 0.0026978 3.043088E-06 0 1015 49.83915 1727.316 1042.214 114.2803 0.7958267 0.5894722 0.09907096 -0.147554 0.03307308 0.9885011 17.03294 12.62557 2.182983 1728.174 1040.885 114.603 0.7765939 0.6223428 0.09793624 
28.13592 0.003952647 1 0.0064343 0.003726893 0 1015 49.83915 1747.175 1056.89 116.5831 0.798778 0.5894653 0.07052702 -0.06732077 -0.0281013 0.9973353 16.62682 12.273 1.631343 1747.03 1056.565 116.7142 0.7518225 0.6558918 0.0675941 
28.1315 0 1 0.006641 0.01253692 0 1015 49.83915 1765.848 1072.476 117.8872 0.7418093 0.6622531 0.04126229 -0.06286328 0.008234548 0.9979866 15.9254 13.87699 1.033634 1765.807 1071.985 118.0386 0.803955 0.592945 0.04554228 
28.1824 0.007919924 1 0.0048738 0.1526073 0 1015 49.83915 1784.067 1089.189 117.702 0.6945212 0.7112205 0.03806312 -0.2355187 0.1788648 0.9552668 15.33827 14.49643 0.8504159 1785.892 1086.756 118.7565 0.7493135 0.6621894 0.006855725 
28.22463 0 1 0.0067366 0.09099066 0 1015 49.83915 1796.169 1110.393 117.2705 0.2998805 0.9474949 -0.04226665 -0.2795107 0.1308956 0.951177 8.418994 20.11239 -0.8988982 1799.263 1109.174 118.498 0.270782 0.9625366 -0.01427159 
28.19876 0 1 0.0066631 0.009547317 0 1015 49.83915 1802.058 1134.275 117.7292 0.2071303 0.9728354 0.00160937 -0.2146318 0.04408402 0.9756989 4.64074 20.50993 -0.1338634 1803.623 1133.956 118.2379 0.1140416 0.9934631 -0.006673932 
28.13363 -0.008279375 1 0.005095 0.02657245 0 1015 49.83915 1804.754 1158.486 117.9527 0.01558618 0.9945001 -0.004084268 -0.1756232 0.006795361 0.9844339 1.007129 19.85085 -0.04402936 1804.757 1158.237 118.1049 -0.0009384527 0.9999862 -0.005151833 
22.8455 0.01261211 1 0.0077613 0.102889 0.2148551 1015 49.83915 1808.214 1182.951 118.5097 0.2495715 0.9618452 0.04306472 -0.1632618 -0.001810424 0.9865811 0 0 0 1804.099 1182.433 117.9779 -0.04799717 0.9988326 -0.005455287 
15.52792 0.009703524 0.169067 0.0059714 0.294714 0 1015 49.83915 1807.426 1196.699 118.4527 -0.2977706 0.947886 -0.04622766 -0.168044 -0.004714492 0.9857683 -3.852211 23.30739 -0.5558015 1803.314 1196.27 117.8996 -0.06446008 0.997903 -0.005865753 
0.008767826 0.004540575 0.001584647 0.0027942 0.3323511 0.2829107 1015 49.83915 1799.397 1207.199 117.1047 -0.8544415 0.4855586 -0.1532023 -0.1804298 -0.007172655 0.983562 -3.195353 1.862459 -0.5725288 1802.533 1207.436 117.8317 -0.07470713 0.9971857 -0.006288084 
-0.4522015 0.005657077 0.2614862 0.0054733 0.2372032 0 1015 49.83915 1799.241 1207.244 117.076 -0.9600536 -0.1901601 -0.1776036 -0.1805256 -0.007187353 0.9835443 -23.75462 -2.421105 -4.377857 1802.529 1207.494 117.8313 -0.0747545 0.9971822 -0.006290479 
-0.8425006 0.006341738 0.5110353 0.006408 0.2115905 0 1015 49.83915 1799.34 1207.148 117.0941 -0.7447845 -0.6440843 -0.1412649 -0.1803628 -0.007162345 0.9835743 -24.88895 -17.12951 -4.691222 1802.536 1207.395 117.832 -0.07467379 0.9971882 -0.006286401 
-0.03666308 -0.01375514 0.8099795 0.0084647 0.002714599 -0.1953849 1015 49.83915 1799.317 1206.82 117.0893 -0.6494378 -0.7432326 -0.1240724 -0.1798252 -0.007079043 0.9836732 -4.941289 -5.645257 -0.9440007 1802.561 1207.064 117.8341 -0.07440154 0.9972087 -0.006272739 
-0.1238753 0.005507993 1 0.005416 -0.05423922 0 1015 49.83915 1799.491 1206.724 117.1209 -0.8389466 -0.5110123 -0.1568797 -0.1796533 -0.007052173 0.9837047 -11.68172 -7.359866 -2.186238 1802.569 1206.957 117.8347 -0.07431261 0.9972153 -0.006268308 
-1.00414 0 1 0.0056892 0.1699443 0 1015 49.83915 1799.362 1206.517 117.097 -0.6865928 -0.7079616 -0.130216 -0.1793524 -0.007004848 0.9837599 -24.92477 -21.28658 -4.699347 1802.583 1206.766 117.8359 -0.07415473 0.9972271 -0.006260481 
0 -0.01137321 1 0.0069989 -0.2164645 -0.03539722 1015 49.83915 1799.424 1206.269 117.1078 -0.7720929 -0.6102957 -0.1447419 -0.1789498 -0.006940977 0.9838336 0 0 0 1802.602 1206.507 117.8375 -0.0739392 0.9972432 -0.006249878 
0 0 1 0.006165 -0.02664028 0 1015 49.83915 1799.424 1206.269 117.1078 -0.8868908 -0.4194524 -0.1642761 -0.1789498 -0.006940977 0.9838336 0 0 0 1802.602 1206.507 117.8375 -0.0739392 0.9972432 -0.006249878 
0 0 1 0.0057177 -0.002750324 0 1015 49.83915 1799.424 1206.269 117.1078 -0.8965058 -0.3977796 -0.1658721 -0.1789498 -0.006940977 0.9838336 0 0 0 1802.602 1206.507 117.8375 -0.0739392 0.9972432 -0.006249878 
0 0 1 0.0067894 -0.0002890847 0 1015 49.83915 1799.424 1206.269 117.1078 -0.8974522 -0.3955274 -0.1660283 -0.1789498 -0.006940977 0.9838336 0 0 0 1802.602 1206.507 117.8375 -0.0739392 0.9972432 -0.006249878 
0 0 1 0.0063608 -2.976666E-05 0 1015 49.83915 1799.424 1206.269 117.1078 -0.8975369 -0.3952834 -0.166042 -0.1789498 -0.006940977 0.9838336 0 0 0 1802.602 1206.507 117.8375 -0.0739392 0.9972432 -0.006249878 
0 0 1 0.008258799 -3.00522E-06 0 1015 49.83915 1799.424 1206.269 117.1078 -0.8975317 -0.395252 -0.1660408 -0.1789498 -0.006940977 0.9838336 0 0 0 1802.602 1206.507 117.8375 -0.0739392 0.9972432 -0.006249878 
0 0 1 0.00651 -3.195761E-07 0 1015 49.83915 1799.424 1206.269 117.1078 -0.8975173 -0.395243 -0.1660381 -0.1789498 -0.006940977 0.9838336 0 0 0 1802.602 1206.507 117.8375 -0.0739392 0.9972432 -0.006249878 
0 0 1 0.0053881 -3.321456E-08 0 1015 49.83915 1799.424 1206.269 117.1078 -0.8975012 -0.3952357 -0.1660352 -0.1789498 -0.006940977 0.9838336 0 0 0 1802.602 1206.507 117.8375 -0.0739392 0.9972432 -0.006249878 
0 0 1 0.004748 -3.680913E-10 0 1015 49.83915 880.249 1910.433 42.1314 -0.8226352 -0.5434763 -0.1534636 -0.1789498 -0.006940977 0.9838336 0 0 0 1802.602 1206.507 117.8375 -0.0739392 0.9972432 -0.006249878 
0 0 1 0.0019988 -4.059875E-12 0 1015 49.83915 0 0 0 3.580111E-14 0.9838336 0.006940977 -0.1789498 -0.006940977 0.9838336 0 0 0 1802.602 1206.507 117.8375 -0.0739392 0.9972432 -0.006249878 
