0 0 0 0.0051336 -1.733849E-14 0 1015 49.83915 944.5912 1955.467 41.99706 -0.7844603 -0.6200714 0.009436063 -0.0171719 0.03692947 0.9991703 0 0 0 944.5914 1955.468 42.14706 -0.7843457 -0.6203177 0.002772298
0.1601687 0 0.03332258 0.0251833 -1.717096E-15 0 1015 49.83915 944.5739 1955.454 41.9972 -0.7844592 -0.6200709 0.009430848 -0.01717611 0.03692639 0.9991704 -9.446773 -7.46714 0.1136115 944.5854 1955.463 42.14707 -0.7843531 -0.6203083 0.002768161
1.677736 0 0.3207482 0.009925 -1.724064E-16 0 1015 49.83915 943.9637 1954.972 41.9996 -0.7844421 -0.6200804 0.008979325 -0.01753963 0.03665772 0.9991738 -17.30608 -13.67969 0.2040507 944.0844 1955.068 42.1482 -0.7850024 -0.619487 0.002366092
3.441345 0 0.6531124 0.0055758 -1.84609E-17 0 1015 49.83915 942.2126 1953.588 42.00298 -0.7844099 -0.6201335 0.007436304 -0.01881419 0.03577981 0.9991826 -17.17791 -13.57955 0.1798733 942.2379 1953.615 42.15245 -0.7871166 -0.6168016 0.001817175
5.112937 0 0.9732144 0.0055364 -1.912738E-18 0 1015 49.83915 939.241 1951.238 42.01122 -0.7843752 -0.6202059 0.005477955 -0.02058304 0.03485663 0.9991804 -16.01217 -12.65983 0.131478 939.263 1951.296 42.15967 -0.7899587 -0.6131569 0.001969374
6.589648 0 1 0.0075347 -1.973376E-19 0 1015 49.83915 935.2074 1948.048 42.02418 -0.7843372 -0.6202641 0.003761939 -0.02233231 0.03429967 0.999162 -15.75958 -12.46203 0.09214634 935.2225 1948.178 42.17008 -0.7932708 -0.6088654 0.002105326
7.970911 0 1 0.0067 -2.049676E-20 0 1015 49.83915 930.1669 1944.062 42.04279 -0.7843261 -0.6202949 0.002994422 -0.02325561 0.03422862 0.9991441 -14.11315 -11.1613 0.05923834 930.1196 1944.285 42.18407 -0.7967178 -0.6043474 0.002247874
9.16825 0 1 0.0058538 -2.165968E-21 0 1015 49.83915 924.2957 1939.419 42.06558 -0.7843031 -0.6202653 0.003234279 -0.02025876 0.03082727 0.9993194 -13.35073 -10.55848 0.053629 924.1458 1939.78 42.20142 -0.8000076 -0.5999853 0.002384362
10.23531 0 0.05486057 0.0055241 -2.256196E-22 0 1015 49.83915 917.6192 1934.139 42.09433 -0.784309 -0.620257 0.003509671 -0.01904648 0.02973898 0.9993762 -13.38901 -10.58855 0.05807591 917.3308 1934.697 42.22224 -0.8030401 -0.5959197 0.002508888
11.22618 0 0.3116356 0.0061546 -2.329201E-23 0 1015 49.83915 910.2177 1928.286 42.12774 -0.7843129 -0.6202511 0.003728486 -0.01767874 0.02836281 0.9994414 -13.09431 -10.35532 0.06078076 909.7654 1929.11 42.24637 -0.8057182 -0.5922934 0.002618737
12.11683 0 0.5523282 0.0064441 -2.438993E-24 0 1015 49.83915 902.1851 1921.934 42.16533 -0.7843186 -0.6202489 0.003893346 -0.01638019 0.02698705 0.9995016 -12.29385 -9.72217 0.06006236 901.5236 1923.077 42.27362 -0.8080668 -0.5890847 0.002713503
12.91372 0 0.787799 0.0051579 -2.488027E-25 0 1015 49.83915 893.4825 1915.052 42.20693 -0.7843222 -0.6202471 0.004011725 -0.01513639 0.02560553 0.9995576 -11.90496 -9.414543 0.06026514 892.5412 1916.553 42.30421 -0.8100751 -0.5863196 0.00279333
13.63424 0 1 0.0068268 -2.539092E-26 0 1015 49.83915 884.2552 1907.755 42.25139 -0.7843225 -0.6202446 0.004085114 -0.01395174 0.02422622 0.9996092 -11.4641 -9.065858 0.0593603 883.0529 1909.708 42.33729 -0.8117555 -0.5839905 0.002858272
14.24324 0 1 0.009567601 -2.693153E-27 0 1015 49.83915 874.7291 1900.221 42.29631 -0.7843236 -0.6202449 0.00410576 -0.01265567 0.02262094 0.999664 -11.5502 -9.133922 0.06040365 873.2625 1902.682 42.37205 -0.8131118 -0.5821003 0.002907886
14.81058 0 1 0.0054099 -2.81198E-28 0 1015 49.83915 864.7297 1892.313 42.34079 -0.7843233 -0.6202456 0.004069459 -0.01110556 0.02060263 0.9997261 -11.18664 -8.84643 0.05827085 862.826 1895.226 42.40961 -0.8142077 -0.5805662 0.002946294
15.32782 0 1 0.0063186 -2.874013E-29 0 1015 49.83915 854.2715 1884.043 42.38088 -0.7843187 -0.6202452 0.003946241 -0.008971362 0.01770569 0.999803 -10.94744 -8.657303 0.05576986 852.0057 1887.523 42.44892 -0.8150338 -0.5794058 0.002970756
15.75893 0 1 0.0070095 -2.993066E-30 0 1015 49.83915 843.5399 1875.556 42.40639 -0.7843201 -0.6202521 0.003669489 -0.005482533 0.01284831 0.9999024 -10.24202 -8.099523 0.04924829 840.888 1879.629 42.48953 -0.815616 -0.5785859 0.002983714
13.54906 0 1 0.0057484 -0.01248532 0 1015 49.83915 833.4909 1868.349 42.37659 -0.8113787 -0.5844467 0.00296746 0.002470895 0.001647055 0.9999956 -8.699776 -6.358817 0.03271587 830.7566 1872.446 42.5266 -0.8159199 -0.5781573 0.002985636
14.06126 0 1 0.019187 -0.00123142 0 1015 49.83915 823.3773 1861.182 42.19151 -0.8178848 -0.5752692 0.003134553 0.02851366 -0.03509584 0.9989753 -12.69194 -8.968609 0.04743142 820.9169 1865.475 42.56257 -0.8160456 -0.5779797 0.002978157
14.64842 0 1 0.0051945 -0.0001350012 0 1015 49.83915 813.2853 1854.095 41.94519 -0.8184312 -0.5743417 0.003480213 0.06205434 -0.08239967 0.994666 -11.5288 -8.096182 0.04754581 810.5771 1858.152 42.60021 -0.816003 -0.5780401 0.002961602
15.15026 0 1 0.0048461 -1.438009E-05 0 1015 49.83915 802.6602 1846.64 41.86402 -0.8185245 -0.5742797 0.003629483 0.07685473 -0.1032741 0.9916793 -11.13628 -7.81381 0.04879389 799.9821 1850.644 42.63852 -0.815775 -0.578362 0.002935925
15.60296 0 1 0.0059046 -1.505235E-06 0 1015 49.83915 791.6288 1838.901 41.84805 -0.8185294 -0.5742793 0.003703695 0.08451702 -0.1140795 0.9898701 -11.17767 -7.842258 0.05026585 789.0157 1842.863 42.67776 -0.8153362 -0.5789806 0.002898851
16.02218 0 1 0.0241178 -1.464935E-07 0 1015 49.83915 779.95 1830.707 41.92803 -0.8185469 -0.5742896 0.003693693 0.08136269 -0.1095964 0.9906405 -12.93613 -9.075982 0.05859097 777.8036 1834.892 42.71733 -0.8146787 -0.5799056 0.002850357
16.42612 0 1 0.0060306 -1.624652E-08 0 1015 49.83915 768.5907 1822.738 42.22063 -0.818484 -0.5742118 0.003445462 0.05158083 -0.06754491 0.9963824 -10.93259 -7.669958 0.04717791 766.0894 1826.54 42.7579 -0.8137394 -0.5812232 0.002786728
16.73858 0 1 0.00588 -1.66174E-09 0 1015 49.83915 756.553 1814.292 42.39113 -0.8185151 -0.5742224 0.003315048 0.03620002 -0.04583742 0.9982929 -10.57848 -7.421275 0.04318515 754.1232 1817.975 42.79833 -0.8125024 -0.5829516 0.002706374
17.00965 0 1 0.00587 -1.735886E-10 0 1015 49.83915 744.4543 1805.805 42.46257 -0.8185163 -0.5742238 0.003315919 0.03325035 -0.04162966 0.9985797 -11.23103 -7.879038 0.04546036 742.1194 1809.339 42.83764 -0.81091 -0.5851651 0.002607384
17.27257 0 1 0.004588 -1.854008E-11 0 1015 49.83915 732.2408 1797.237 42.52028 -0.8185158 -0.574225 0.003349871 0.03217094 -0.0400313 0.9986804 -10.44522 -7.327777 0.04260379 729.9974 1800.561 42.87578 -0.8088979 -0.587944 0.002484225
17.52359 0 1 0.0057985 -1.890878E-12 0 1015 49.83915 719.6487 1788.403 42.57557 -0.8185154 -0.5742283 0.003407216 0.03171492 -0.03928103 0.9987248 -10.99487 -7.713422 0.04549427 717.5934 1791.504 42.9128 -0.8062723 -0.59154 0.002330513
17.72022 0 1 0.0092008 -1.917238E-13 0 1015 49.83915 706.8036 1779.392 42.62965 -0.8185111 -0.5742319 0.003504845 0.03179035 -0.03921827 0.9987248 -10.45356 -7.333734 0.04434607 705.0411 1782.242 42.94769 -0.8029011 -0.5961084 0.002134992
17.91537 0 1 0.0029118 -2.043344E-14 0 1015 49.83915 694.1422 1770.509 42.68232 -0.8185033 -0.5742365 0.003666252 0.03236755 -0.03975978 0.9986848 -10.37543 -7.279037 0.04575185 692.4884 1772.854 42.97929 -0.7984981 -0.6019945 0.001886203
18.08291 0 1 0.0059127 -2.124496E-15 0 1015 49.83915 681.184 1761.418 42.73686 -0.8184946 -0.5742483 0.003943186 0.03370272 -0.04118061 0.9985831 -10.32334 -7.242683 0.04851672 679.9573 1763.316 43.00654 -0.7926014 -0.6097381 0.001558737
18.25631 0 1 0.0058482 -2.150305E-16 0 1015 49.83915 667.9806 1752.153 42.79675 -0.8184751 -0.5742686 0.004448654 0.03611463 -0.04373812 0.99839 -10.55689 -7.406919 0.05540612 667.2343 1753.396 43.02819 -0.7841355 -0.6205888 0.001099778
18.45259 0 1 0.0204945 -2.183805E-17 0 1015 49.83915 654.6879 1742.827 42.87218 -0.8185468 -0.5741699 0.002150995 0.03070018 -0.04002522 0.9987268 -11.76936 -8.256663 0.04724905 654.9774 1743.511 43.0407 -0.7716883 -0.6360008 0.0004417827
18.60027 0 1 0.0059932 -2.388078E-18 0 1015 49.83915 641.6425 1733.68 42.91922 -0.8187104 -0.5739318 -0.003951626 0.02285632 -0.03948243 0.9989588 -10.47392 -7.343582 -0.03018111 642.48 1732.984 43.02257 -0.7615893 -0.6480438 -0.004580672
18.67866 0 1 0.0058219 -2.493012E-19 0 1015 49.83915 628.2225 1724.275 42.83879 -0.8188257 -0.573694 -0.00969343 0.01845104 -0.04321277 0.9988955 -9.890619 -6.930876 -0.09537397 630.0967 1722.376 42.87204 -0.7566321 -0.6536903 -0.01403031
18.76205 0 1 0.0058867 -2.602447E-20 0 1015 49.83915 614.7999 1714.874 42.64626 -0.8189452 -0.5733886 -0.01609555 0.01910293 -0.0553067 0.9982867 -10.16374 -7.117685 -0.1762831 617.8796 1711.686 42.56073 -0.7472305 -0.6641177 -0.02437789
15.06537 0 1 0.0057339 0.04026293 0 1015 49.83915 603.8837 1705.561 42.37569 -0.7260516 -0.6867521 -0.03031053 0.03187393 -0.07767813 0.9964686 -8.0236 -7.261417 -0.3023807 607.3038 1702.099 42.1464 -0.7325528 -0.6798868 -0.03347002
15.49558 0 1 0.0050618 0.004244898 0 1015 49.83915 594.4515 1696.194 42.05542 -0.700913 -0.712157 -0.03503363 0.05977901 -0.1076545 0.9923894 -10.41525 -10.41315 -0.5038349 597.8035 1693.016 41.65874 -0.71023 -0.7028254 -0.0401214
15.95557 0 1 0.0066486 0.000435774 0 1015 49.83915 584.7166 1686.243 41.7747 -0.6974 -0.7159134 -0.02677936 0.1076048 -0.1416316 0.9840536 -9.5759 -9.797012 -0.4164897 588.348 1683.209 41.09101 -0.6740296 -0.7375216 -0.04178257
12.90889 0 1 0.0030096 0.03683615 0 1015 49.83915 576.4086 1676.736 41.51947 -0.647614 -0.7614032 -0.02109753 0.1513166 -0.1557504 0.9761381 -4.141916 -4.788801 -0.1350447 580.2291 1673.778 40.60526 -0.6277108 -0.7776863 -0.03439767
11.36213 0 1 0.0063834 0.02526888 0 1015 49.83915 569.9207 1668.15 41.23582 -0.6011688 -0.7987741 -0.01235526 0.167379 -0.1410645 0.9757487 -2.558786 -3.376158 -0.05490116 573.9057 1665.471 40.31495 -0.5826206 -0.8125013 -0.01987108
10.85276 0 1 0.006743 0.009726792 0 1015 49.83915 564.4286 1660.24 41.02412 -0.5662258 -0.8239996 0.001988224 0.1602254 -0.1077342 0.9811831 -7.043636 -10.08806 -0.02001363 568.6119 1657.691 40.211 -0.5430023 -0.83973 -0.001538057
9.783988 0 0.005249049 0.0048922 0.02252439 0 1015 49.83915 559.7424 1652.523 40.88161 -0.5328633 -0.845718 0.01815294 0.1388595 -0.06628255 0.9880912 -2.530616 -3.986216 0.08100134 563.9262 1650.124 40.28271 -0.5110181 -0.8593851 0.01782089
9.552752 0 0.01870523 0.0064346 0.01481459 0 1015 49.83915 555.3512 1644.964 40.98108 -0.503874 -0.8627535 0.03535096 0.1250268 -0.03238799 0.991625 -4.224357 -7.152118 0.2781134 559.6424 1642.678 40.51534 -0.4871752 -0.872555 0.03617136
9.495569 0 0.0056792 0.0063044 0.01650304 0 1015 49.83915 551.287 1637.505 41.31431 -0.4851145 -0.8725305 0.0534652 0.1266601 -0.009641541 0.9918994 -2.42415 -4.332869 0.2602987 555.6133 1635.288 40.89032 -0.4703957 -0.880889 0.05255891
10.17009 0 0.04036823 0.0060133 0.001705348 0 1015 49.83915 547.2022 1629.959 41.86467 -0.469563 -0.8796785 0.07190515 0.1395471 0.006450016 0.9901944 -7.656399 -14.21931 1.058333 551.6514 1627.747 41.40207 -0.4589876 -0.8859104 0.06703229
10.04786 0 0.01056515 0.0107326 0.004667363 0 1015 49.83915 543.2256 1622.068 42.55457 -0.4532618 -0.8866325 0.08902016 0.1558003 0.01950933 0.9875959 -6.218328 -12.03532 1.159322 547.651 1619.947 42.04834 -0.4508796 -0.8890311 0.07965294
9.939014 0 0.04175511 0.0058948 0.009768606 0 1015 49.83915 539.363 1614.044 43.45993 -0.4325693 -0.8947479 0.1089256 0.1808192 0.03224988 0.9829857 -4.76737 -9.720586 1.15005 543.8938 1612.085 42.84077 -0.4026072 -0.9096478 0.1022197
8.927168 0 0.1485835 0.0050729 0.01507762 0 1015 49.83915 536.3929 1606.688 44.50615 -0.3847682 -0.9146778 0.1212741 0.2189348 0.03717893 0.9750305 -4.162551 -9.68187 1.266423 540.9099 1604.906 43.70992 -0.3617392 -0.9246268 0.1192031
8.857978 0 0.3007764 0.006034 0.007116694 0 1015 49.83915 533.7234 1599.54 45.61073 -0.3504908 -0.9267721 0.1328032 0.2485089 0.0446713 0.9675989 -4.957847 -12.82785 1.798016 538.3071 1597.891 44.65971 -0.3295344 -0.9348566 0.1320981
8.800122 0 0.4538844 0.0082351 0.004572416 0 1015 49.83915 531.3199 1592.376 46.74812 -0.3226986 -0.9352581 0.1434235 0.2694499 0.05447334 0.9614725 -5.151405 -14.65462 2.199949 535.9425 1590.864 45.68839 -0.3031671 -0.9422493 0.1423234
8.825816 0 0.6284578 0.0063337 0.003895339 0 1015 49.83915 529.1244 1585.185 47.92033 -0.2977761 -0.9422082 0.151715 0.2844741 0.06411693 0.9565373 -4.649899 -14.43462 2.284745 533.7429 1583.739 46.79372 -0.2812138 -0.9477537 0.1506038
8.843076 0 0.7906465 0.0054322 0.004829948 0 1015 49.83915 527.0865 1577.935 49.15961 -0.27585 -0.9478759 0.1577486 0.3004442 0.07086071 0.9511636 -3.848804 -12.98127 2.141918 531.6877 1576.555 47.9591 -0.2629873 -0.9518912 0.1572916
8.872735 0 0.9591966 0.005632 0.00709353 0 1015 49.83915 525.1292 1570.432 50.50216 -0.2570164 -0.9524032 0.1623547 0.3199076 0.07467724 0.9445019 -3.167492 -11.52041 1.959474 529.7 1569.12 49.20783 -0.2475232 -0.9551084 0.1627883
9.019066 0 1 0.00538 0.0146105 0 1015 49.83915 523.2484 1562.689 51.95869 -0.2431898 -0.9552345 0.1666739 0.3466521 0.07489045 0.9350003 -1.283257 -4.988512 0.8719356 527.7625 1561.424 50.53646 -0.2346194 -0.9575957 0.1672248
9.726604 0 1 0.0058186 0.001509088 0 1015 49.83915 521.335 1554.85 53.48941 -0.2287371 -0.9583083 0.1691931 0.3706977 0.07495864 0.9257222 -3.879027 -16.0173 2.805665 525.8939 1553.609 51.91453 -0.2242768 -0.9594712 0.1706307
10.00281 0 0.0005841422 0.005794 0.01448273 0 1015 49.83915 519.4416 1546.211 55.0143 -0.2236151 -0.9589484 0.1730302 0.3735245 0.07965819 0.9241957 -0.4717435 -2.016189 0.3641627 523.93 1545.027 53.45223 -0.2157461 -0.9609552 0.1732587
10.55577 0 0.1587077 0.0062119 0.001471669 0 1015 49.83915 517.5019 1537.536 56.34764 -0.2107069 -0.9621319 0.1716615 0.331665 0.09483146 0.9386172 -3.372602 -15.22288 2.714861 522.0283 1536.425 55.01034 -0.2098684 -0.961969 0.1748456
11.47005 0 0.3939525 0.0060692 0.0001579952 0 1015 49.83915 515.4979 1528.335 57.62197 -0.2089054 -0.962126 0.1730066 0.2577836 0.1164996 0.9591526 -3.278661 -15.05646 2.700135 520.0595 1527.309 56.67044 -0.2063616 -0.9626151 0.1754625
12.32381 0 0.6371459 0.0062672 1.603959E-05 0 1015 49.83915 513.2969 1518.189 58.96731 -0.2086366 -0.9620418 0.1734767 0.159115 0.1416742 0.9770406 -3.322227 -15.31245 2.759329 517.9122 1517.258 58.50065 -0.205651 -0.9628677 0.1749101
13.10123 0 0.8706249 0.0062102 1.692572E-06 0 1015 49.83915 510.9788 1507.5 60.28785 -0.208677 -0.9621101 0.1726792 0.03506487 0.169175 0.9849607 -3.167551 -14.60423 2.626673 515.637 1506.661 60.4161 -0.2085199 -0.9626173 0.172879
13.81082 0 1 0.0059521 1.785285E-07 0 1015 49.83915 508.5385 1496.246 61.55251 -0.2084849 -0.9619679 0.1707244 -0.114723 0.197642 0.9735413 -3.275453 -15.10707 2.69357 513.1804 1495.5 62.40083 -0.2159042 -0.9616825 0.1689736
14.4635 0 1 0.006541 1.830402E-08 0 1015 49.83915 505.931 1484.201 63.13281 -0.2080552 -0.9624553 0.1683731 -0.219701 0.2140027 0.951804 -3.147719 -14.54679 2.55815 510.4119 1483.526 64.46877 -0.2295476 -0.9596541 0.1623947
15.04884 0 1 0.0059764 1.902848E-09 0 1015 49.83915 503.2551 1471.802 65.09888 -0.2074881 -0.9630309 0.1661054 -0.2565203 0.217695 0.9417038 -3.340073 -15.48236 2.685148 507.3079 1471.123 66.50988 -0.2515032 -0.9558182 0.1521769
15.61913 0 1 0.0065139 1.953434E-10 0 1015 49.83915 500.454 1458.781 67.22108 -0.2069344 -0.9634774 0.1641652 -0.280182 0.219411 0.9345356 -3.342614 -15.54522 2.660522 503.6702 1458.175 68.47755 -0.2861406 -0.9484579 0.1362018
16.1384 0 1 0.0057786 2.054628E-11 0 1015 49.83915 497.5831 1445.414 69.38576 -0.2073405 -0.9631801 0.1653809 -0.3102463 0.2253632 0.9235575 -3.191909 -14.85391 2.535159 499.3344 1445.044 70.21404 -0.3399222 -0.9338771 0.1110206
16.59522 0 1 0.0057817 2.152962E-12 0 1015 49.83915 494.5866 1431.615 71.72161 -0.2112561 -0.9604212 0.1760222 -0.3569401 0.2437835 0.9017559 -3.143877 -14.42669 2.573279 493.9854 1432.06 71.51339 -0.4250492 -0.9025002 0.06949007
10.07441 -0.008595275 1 0.0052894 -0.137222 -0.2186486 1015 49.83915 490.823 1418.768 73.94765 -0.2601478 -0.948092 0.1771917 -0.4084342 0.2747526 0.8704553 -0.3557861 -1.314442 0.2474977 487.8613 1420.934 72.02452 -0.5492808 -0.8356638 0.0003798437
7.809594 0 0.1088742 0.007302 -0.1051007 0 1015 49.83915 487.1433 1412.6 74.24986 -0.5942205 -0.8026755 -0.02371597 -0.4244964 0.2889009 0.858102 -2.431083 -3.357015 -0.07321399 483.9149 1415.348 71.87785 -0.6093853 -0.7913928 -0.04842416
7.862186 0 0.2850385 0.0055769 -0.04091415 0 1015 49.83915 482.5746 1407.246 73.8382 -0.6603207 -0.7458984 -0.07398798 -0.4393632 0.3051471 0.8448925 -2.290329 -2.604707 -0.2508253 479.6905 1410.303 71.3844 -0.6694853 -0.7359747 -0.1006346
7.052232 0 0.380656 0.0060516 -0.03656202 0 1015 49.83915 477.984 1402.676 73.11928 -0.7102488 -0.6927267 -0.1164838 -0.4497363 0.3209568 0.8335009 -5.444496 -5.404151 -0.8605041 475.4615 1406.001 70.62796 -0.7198241 -0.6783457 -0.1472972
6.438515 0 0.4943636 0.005989 -0.03885356 0 1015 49.83915 473.5233 1398.849 72.19333 -0.7520387 -0.6386082 -0.1565182 -0.4564649 0.335579 0.8240303 -4.670126 -4.020984 -0.9519101 471.3354 1402.378 69.69389 -0.7601442 -0.6222478 -0.1870394
6.081269 -0.008794662 0.6280058 0.0054121 -0.02234025 -0.03191544 1015 49.83915 469.0901 1395.544 71.0897 -0.7830989 -0.5904849 -0.1895478 -0.4605706 0.3487976 0.8162194 -0.3511693 -0.2648095 -0.08502009 467.2147 1399.223 68.60902 -0.792687 -0.568157 -0.2209954
6.096211 0 0.7453398 0.0052601 -0.02393622 0 1015 49.83915 464.7801 1392.622 69.91263 -0.812179 -0.5363327 -0.224838 -0.4618182 0.3594011 0.8108972 -8.302051 -5.593636 -2.257535 463.155 1396.49 67.42252 -0.8183014 -0.5180278 -0.2490505
6.345191 0 0.8981516 0.0068969 -0.01245531 0 1015 49.83915 460.2564 1389.895 68.53896 -0.8314548 -0.494415 -0.2492246 -0.4600266 0.3657959 0.8090549 -11.41625 -6.936959 -3.373095 458.8807 1393.948 66.0739 -0.8396018 -0.4694951 -0.2732064
5.926314 0 1 0.0058236 -0.03558309 0 1015 49.83915 455.6108 1387.504 66.9388 -0.8496553 -0.447453 -0.2754212 -0.4552272 0.3643507 0.8124154 -4.916675 -2.626467 -1.579285 454.4454 1391.616 64.59138 -0.8568004 -0.4243625 -0.2929335
6.213324 0 1 0.0067687 -0.03124951 0 1015 49.83915 450.9426 1385.297 65.22431 -0.8618953 -0.4112935 -0.2934625 -0.4478695 0.3521619 0.8218247 -4.577533 -2.21113 -1.548874 449.9431 1389.513 63.02273 -0.8703359 -0.384299 -0.307947
6.526728 0 1 0.0057714 -0.03564241 0 1015 49.83915 445.8748 1383.135 63.22453 -0.8717819 -0.3800534 -0.3062602 -0.4362262 0.3242146 0.8394014 -2.82352 -1.240841 -0.9889114 444.9715 1387.443 61.24037 -0.8818938 -0.3469182 -0.3192345
7.319726 0 1 0.006034 -0.003795949 0 1015 49.83915 440.6612 1380.996 61.09102 -0.8812345 -0.3502657 -0.314647 -0.4195692 0.279913 0.8634915 -15.48699 -6.284689 -5.53512 439.7843 1385.511 59.35084 -0.891276 -0.3155851 -0.3256242
7.504143 0 1 0.0052537 -0.00828788 0 1015 49.83915 434.9482 1378.994 58.6152 -0.8931298 -0.3145665 -0.3185819 -0.3946687 0.2161185 0.8930411 -13.56746 -4.929636 -4.858362 434.0416 1383.576 57.25507 -0.8995438 -0.2899723 -0.3267087
8.652244 0 1 0.017094 -0.0008558207 0 1015 49.83915 428.5385 1376.793 55.84066 -0.9011608 -0.3046138 -0.3049398 -0.357535 0.1322405 0.9244917 -15.14475 -5.189577 -5.235401 427.6839 1381.605 54.97128 -0.9070228 -0.2728812 -0.320695
8.638056 0 1 0.0030746 -0.004362187 0 1015 49.83915 421.9624 1374.877 52.97521 -0.9190673 -0.2682656 -0.2841603 -0.3037013 0.03181205 0.9522365 -14.90947 -4.479931 -4.782763 420.7687 1379.562 52.58746 -0.9137762 -0.26827 -0.3050334
9.746896 0 1 0.0043988 -0.000460773 0 1015 49.83915 414.52 1372.74 49.98579 -0.9320374 -0.2655888 -0.2394897 -0.2280342 -0.07511213 0.9707529 -14.02509 -4.025476 -3.896567 413.1512 1377.293 50.16629 -0.9192426 -0.2818861 -0.2748287
10.70652 0 0.16827 0.0043343 -4.758146E-05 0 1015 49.83915 406.0481 1370.314 47.26771 -0.9447553 -0.2734537 -0.1710334 -0.1349948 -0.1465244 0.979953 -14.44319 -4.149369 -3.039668 404.5298 1374.477 47.83079 -0.919866 -0.325502 -0.2188428
11.59659 0 0.3885778 0.006096 -4.920278E-06 0 1015 49.83915 396.6786 1367.541 45.48494 -0.9530911 -0.2896448 -0.06676244 -0.02549536 -0.1441219 0.989232 -13.44576 -4.0142 -1.481832 395.2516 1370.761 46.06727 -0.9019848 -0.4147241 -0.120124
12.37608 0 0.6096265 0.0057054 -5.118726E-07 0 1015 49.83915 386.6718 1364.41 45.27924 -0.9479776 -0.3047622 0.07126278 0.09656793 -0.06818845 0.9929865 -13.89067 -4.383291 0.3203003 386.0556 1365.711 45.57855 -0.8432019 -0.5362477 0.03909234
13.08014 0 0.8164578 0.0047371 -5.413431E-08 0 1015 49.83915 376.1957 1360.983 46.87659 -0.9292371 -0.3085811 0.194178 0.2030863 0.004582648 0.9791507 -12.28959 -4.039661 2.002956 376.9557 1359.962 46.8738 -0.831608 -0.518122 0.1999584
13.65458 0 1 0.0016594 -5.682725E-09 0 1015 49.83915 365.5074 1357.391 50.41784 -0.8946388 -0.3043863 0.3218403 0.3231363 0.04950559 0.9450621 -12.71719 -4.291493 3.923458 367.4769 1354.078 50.06881 -0.7976591 -0.4970851 0.3415264
11.16221 0 1 0.0054386 0.1062214 0 1015 49.83915 356.7014 1352.746 55.20401 -0.7765401 -0.4869954 0.3950512 0.4428459 0.02098043 0.8963523 -5.258416 -3.090839 2.60943 358.978 1348.695 54.32534 -0.757753 -0.4916102 0.4291036
11.73598 0 1 0.0062899 0.01103113 0 1015 49.83915 349.3567 1347.303 60.28603 -0.7050288 -0.5676269 0.4201388 0.5344838 -0.03895328 0.8442817 -9.494943 -7.32046 5.446337 351.3322 1343.56 59.01426 -0.7226833 -0.5059887 0.4708554
12.4416 0 1 0.0030283 0.001166704 0 1015 49.83915 341.9961 1341.23 65.67609 -0.6911907 -0.5766815 0.4307088 0.5871456 -0.1041774 0.8027522 -8.946264 -7.409913 5.533091 343.6842 1337.9 64.16097 -0.6924934 -0.5451331 0.4725264
13.07591 0 1 0.0071514 0.0001226547 0 1015 49.83915 334.2158 1334.788 71.16523 -0.7045356 -0.5742753 0.4119722 0.5928409 -0.1613012 0.7890003 -9.373844 -7.71926 5.62977 336.1773 1331.536 69.17784 -0.6668487 -0.6114979 0.4258988
10.85061 0.01042389 1 0.0064147 0.08659347 0.04694314 1015 49.83915 326.6926 1327.711 75.64207 -0.6922358 -0.641006 0.3252943 0.5625145 -0.2004105 0.8021302 -0.7136014 -0.6597325 0.3366156 329.148 1324.521 73.2745 -0.6397911 -0.6960235 0.3259085
10.3303 0 1 0.0055652 0.03348731 0 1015 49.83915 320.6658 1321.063 78.14794 -0.6387621 -0.7376757 0.2090159 0.5211634 -0.2174399 0.8252926 -7.209199 -8.127974 2.525773 323.6846 1318.128 75.61812 -0.6087917 -0.7666211 0.2041177
8.594147 0 0.07579584 0.005768 0.0816521 0 1015 49.83915 315.728 1314.393 79.1226 -0.588908 -0.7974057 0.1145374 0.4770605 -0.2305038 0.8481041 -1.810604 -2.428852 0.3648372 319.0791 1311.934 76.71845 -0.5668375 -0.8199873 0.07922028
8.405131 0 0.1981022 0.0051305 0.02772612 0 1015 49.83915 311.6904 1308.265 79.23719 -0.5319749 -0.8438714 0.02522166 0.4352517 -0.2485189 0.8653286 -6.288253 -9.750029 0.4702611 315.3936 1306.183 76.92583 -0.5119312 -0.8589185 -0.01337198
7.797167 0 0.3338424 0.0051277 0.05863331 0 1015 49.83915 308.1823 1301.983 78.7446 -0.4870394 -0.8696992 -0.04663353 0.3994942 -0.2706843 0.8758619 -1.736791 -3.072298 -0.1503305 312.0745 1300.233 76.57815 -0.4623219 -0.882654 -0.0847108
7.789031 0 0.4747388 0.0053786 0.04197451 0 1015 49.83915 305.0471 1295.828 77.87679 -0.4427008 -0.8879879 -0.1062858 0.3670096 -0.2888086 0.8842481 -2.923974 -5.76226 -0.6498148 309.1353 1294.301 75.83102 -0.4214047 -0.8965786 -0.1362553
8.00881 0.007734675 0.6560192 0.0047598 0.04084574 0.0120507 1015 49.83915 302.1166 1289.446 76.60616 -0.416658 -0.8952488 -0.144334 0.3284401 -0.2973926 0.8964841 -0.8033347 -1.71966 -0.2749583 306.345 1288.068 74.74975 -0.3873776 -0.9054415 -0.1735417
8.698051 0 0.8287768 0.0055266 0.005452915 0 1015 49.83915 299.2747 1282.882 75.01963 -0.3802426 -0.9057207 -0.1762129 0.2772504 -0.2943366 0.9146001 -6.073288 -14.22884 -2.665053 303.6802 1281.581 73.41498 -0.3607384 -0.911469 -0.1977219
8.845002 0 1 0.0057795 0.02599706 0 1015 49.83915 296.425 1275.703 73.05202 -0.3541151 -0.9130576 -0.191594 0.2106092 -0.2783229 0.9371114 -3.361321 -8.425114 -1.743299 300.9383 1274.414 71.80434 -0.3403364 -0.9164529 -0.2104424
9.694955 0 1 0.0058409 0.002710823 0 1015 49.83915 293.6783 1268.267 70.93293 -0.3318569 -0.9210695 -0.1927008 0.1378722 -0.2501718 0.9583341 -5.49603 -14.98296 -3.162924 298.2315 1266.951 70.08401 -0.3277619 -0.9209708 -0.2106779
10.69911 0 0.1773497 0.0065768 0.0002799226 0 1015 49.83915 290.7217 1259.98 68.64223 -0.3278808 -0.925754 -0.1758499 0.05836178 -0.2062101 0.9767655 -5.628302 -15.77934 -3.132937 295.3001 1258.607 68.22855 -0.3227606 -0.9257054 -0.1972203
11.64725 0 0.4223782 0.0048796 2.899235E-05 0 1015 49.83915 287.4963 1250.828 66.39591 -0.3270299 -0.9316435 -0.1426812 -0.01525753 -0.1461321 0.989147 -5.135715 -14.58364 -2.454628 292.062 1249.331 66.39515 -0.3270328 -0.9302312 -0.1664923
12.47931 0 0.6719819 0.0072338 2.937071E-06 0 1015 49.83915 283.9881 1240.828 64.52308 -0.3293719 -0.9373871 -0.08966739 -0.06630734 -0.07189935 0.9952036 -5.555594 -15.82797 -1.888647 288.4752 1239.31 64.86239 -0.3419273 -0.9326765 -0.1148922
13.2583 0 0.9090381 0.0213853 2.908974E-07 0 1015 49.83915 280.1477 1229.972 63.42768 -0.3351552 -0.9394244 -0.01696843 -0.08601336 0.01269251 0.996213 -5.367935 -15.13371 -0.6867663 284.4718 1228.771 63.96632 -0.3676158 -0.9291413 -0.03945591
13.94872 0 1 0.0027816 3.041042E-08 0 1015 49.83915 276.0966 1218.762 63.56908 -0.3421682 -0.934396 0.07041216 -0.06884644 0.1000093 0.9926019 -4.774322 -13.15696 0.5644891 279.6707 1217.287 64.11562 -0.4046945 -0.9119552 0.06755445
14.51299 0 1 0.0054191 3.143107E-09 0 1015 49.83915 271.7683 1207.109 65.29605 -0.3467647 -0.9208306 0.1640751 -0.02379815 0.1840483 0.982629 -4.698935 -12.59004 1.812862 274.3036 1206.058 65.70435 -0.4477174 -0.8762615 0.1780966
15.01801 0 1 0.0055291 3.277341E-10 0 1015 49.83915 267.2702 1195.276 68.29789 -0.3466099 -0.9055258 0.234525 0.03739368 0.2371078 0.9707633 -5.106751 -13.40488 3.123863 268.3447 1194.913 68.49529 -0.4696505 -0.8476389 0.2468565
15.5473 0 1 0.0059798 3.372384E-11 0 1015 49.83915 262.6215 1183.154 72.00351 -0.3437968 -0.8965168 0.2703438 0.1371365 0.2374047 0.9616809 -4.625469 -12.06325 3.482229 262.0089 1183.735 72.09738 -0.477985 -0.8294249 0.2891112
15.92092 0 1 0.0046173 3.610197E-12 0 1015 49.83915 257.9343 1170.909 75.77454 -0.34144 -0.8935139 0.2824804 0.248613 0.2043256 0.9468063 -4.348981 -11.36934 3.552474 255.5501 1172.606 76.1843 -0.4773456 -0.8208682 0.3135546
13.84143 0 1 0.0050975 -0.1363416 0 1015 49.83915 252.8961 1158.771 79.44661 -0.3849466 -0.8715788 0.2945729 0.3435428 0.160977 0.9252369 -1.792167 -4.27408 1.409831 249.1293 1161.494 80.52111 -0.4692929 -0.8212755 0.3244547
13.03954 0 1 0.0047561 -0.02377087 0 1015 49.83915 247.2912 1149.65 82.86376 -0.5304739 -0.7716981 0.342871 0.4061722 0.1230978 0.905466 -6.615843 -10.17573 4.332087 243.8881 1152.172 84.19711 -0.4565282 -0.8286111 0.3240152
13.59691 0 1 0.0054045 -0.002465542 0 1015 49.83915 240.9444 1140.694 86.82208 -0.5449739 -0.7579867 0.3505874 0.4449074 0.09214971 0.8908225 -6.751475 -9.474509 4.352917 238.6733 1142.426 87.92722 -0.4357715 -0.8437797 0.3132727
14.06116 0 1 0.0047494 -0.0002616943 0 1015 49.83915 234.3175 1131.528 91.09904 -0.5503972 -0.7572783 0.343676 0.4549845 0.07212115 0.8875741 -6.2767 -8.662149 3.958964 233.6165 1132.131 91.55959 -0.4019291 -0.8694779 0.2871605
14.4578 0.006670462 1 0.0041049 0.1716231 0 1015 49.83915 227.4916 1122.019 95.3936 -0.5060855 -0.8041425 0.3029264 0.4610415 0.04372051 0.8863008 -6.329852 -9.065421 3.818072 229.0569 1121.368 94.76168 -0.344799 -0.9087633 0.2350782
14.84079 0.008658487 1 0.0053283 0.3288006 0 1015 49.83915 224.0398 1109.965 97.6852 0.02364646 -0.9965696 -0.02859246 0.4820975 -0.01369436 0.8760101 -1.933426 -12.59018 1.091091 225.3635 1109.702 97.10301 -0.2344453 -0.9638257 0.1267599
0.002935239 0.009912825 0.004321097 0.0061002 0.3399786 0.2657105 1015 49.83915 226.4963 1100.029 95.81107 0.6124853 -0.6620556 -0.4254701 0.5199341 -0.06629509 0.8516299 0.8820778 -0.9722186 -0.6142045 223.7924 1100.253 97.6293 -0.09374323 -0.9953311 -0.02443054
-0.02937851 0.008209988 0.1638894 0.0050523 0.3454146 0 1015 49.83915 226.6099 1099.978 95.73685 0.8511753 0.07663323 -0.5139107 0.5200999 -0.06646462 0.8515154 3.992826 0.154645 -2.426723 223.788 1100.207 97.62831 -0.09332416 -0.9953534 -0.0250211
-0.9524503 0.008810912 0.3429871 0.0054221 0.3381384 0 1015 49.83915 226.7059 1100.18 95.69827 0.5579637 0.7776015 -0.280149 0.5193051 -0.06564882 0.8520636 13.83457 11.02548 -7.58863 223.8093 1100.428 97.63282 -0.09532641 -0.9952413 -0.02220163
-2.636745 0.00889265 0.6188321 0.0054724 0.3459986 0 1015 49.83915 227.0175 1101.718 95.65244 -0.09369062 0.9849654 0.1243272 0.5133232 -0.05923956 0.8561482 3.911674 18.05968 -1.066272 223.9798 1102.06 97.64748 -0.1113973 -0.9937918 -0.0006968327
-4.175939 0.0124527 0.8645517 0.0076632 0.3477859 0 1015 49.83915 225.6942 1104.14 96.61012 -0.6913718 0.5738668 0.432471 0.5021752 -0.04578084 0.8635535 -7.758161 13.00459 5.316595 224.2905 1104.377 97.58897 -0.153978 -0.986993 0.04662026
5.569774 0.009356588 1 0.0057579 0.3509558 0 1015 49.83915 222.1659 1104.916 98.69854 -0.8503547 -0.1936851 0.4834752 0.5014566 -0.04483265 0.8640206 -11.88908 1.09352 6.946191 224.3154 1104.535 97.58128 -0.1567504 -0.9864233 0.0494476
0.8658951 0.006987012 1 0.0042997 0.348415 0 1015 49.83915 221.3268 1104.444 99.1797 -0.4793928 -0.8427407 0.2330752 0.5041122 -0.04828293 0.8622872 -9.18532 -10.35414 4.789486 224.227 1103.96 97.60713 -0.1464628 -0.9884432 0.03873955
2.392755 0.009414274 1 0.0057934 0.3457457 0 1015 49.83915 221.189 1103.029 99.21924 0.1940633 -0.9617074 -0.17802 0.510357 -0.05586489 0.8581464 -1.66092 -18.9158 -0.1892348 224.0588 1102.734 97.64346 -0.1215553 -0.9924681 0.01138738
3.800613 0.01115481 1 0.0068645 0.3410015 0 1015 49.83915 222.6077 1101.024 98.25625 0.7383224 -0.4652443 -0.482307 0.5173753 -0.06363487 0.8533891 10.86428 -16.14622 -7.678421 223.8634 1100.971 97.64106 -0.1001909 -0.9949068 -0.01542005
-5.038332 0.01408241 1 0.0086661 0.3337002 0 1015 49.83915 225.851 1100.836 96.27667 0.815581 0.3291848 -0.4696929 0.5171434 -0.06338947 0.8535479 19.97332 -2.04201 -12.26616 223.87 1101.036 97.64181 -0.1007846 -0.9948596 -0.01460405
-0.6957499 0.00844285 1 0.0051956 0.3429897 0 1015 49.83915 226.6825 1101.457 95.83044 0.3844742 0.9045659 -0.1673118 0.5143763 -0.06040483 0.8554342 9.237695 13.17546 -4.624293 223.95 1101.79 97.64708 -0.1082574 -0.9941481 -0.004663948
-2.308258 0.008010112 1 0.0049293 0.345411 0 1015 49.83915 226.6565 1102.74 95.95503 -0.2987849 0.9219504 0.2340428 0.5083132 -0.05345854 0.8595112 -0.02478157 18.72778 1.245397 224.1109 1103.141 97.63551 -0.1294758 -0.9912986 0.02032328
-3.873733 0.03009581 1 0.0185205 0.3442558 0 1015 49.83915 224.9617 1104.547 97.05627 -0.8007906 0.3471754 0.4818634 0.5009575 -0.04416753 0.8643443 -11.17795 10.89023 7.116077 224.3331 1104.646 97.57563 -0.1586751 -0.9860171 0.05138845
5.317583 0.008846337 1 0.0054439 0.350438 0 1015 49.83915 221.6157 1104.295 99.00464 -0.7898788 -0.4218349 0.4383688 0.5044434 -0.04870306 0.8620697 -11.58204 -2.164033 6.620936 224.2168 1103.892 97.60992 -0.1451476 -0.9886831 0.03733926
0.9929202 0.007680075 1 0.0047262 0.3486643 0 1015 49.83915 221.2207 1103.781 99.22516 -0.2896125 -0.9471332 0.1135153 0.5070434 -0.05192795 0.8603544 -7.683381 -13.53986 3.714147 224.1438 1103.385 97.62856 -0.1346019 -0.9904882 0.0259675
2.478052 0.009399325 1 0.0057842 0.3441208 0 1015 49.83915 221.3902 1102.292 99.06631 0.3945097 -0.8661559 -0.2965389 0.5133614 -0.05928207 0.8561224 2.075432 -20.40833 -2.583099 223.9787 1102.05 97.64748 -0.1112797 -0.9938056 -0.0008430978
3.854745 0.01011611 1 0.0062253 0.338407 0 1015 49.83915 223.2181 1100.76 97.8674 0.8191296 -0.2383273 -0.5157074 0.5181733 -0.06447352 0.8528419 14.37655 -13.56764 -9.665372 223.8407 1100.747 97.6381 -0.09816892 -0.9950571 -0.0182213
-5.198535 0.009994888 1 0.0061507 0.3435458 0 1015 49.83915 226.4872 1101.479 95.94896 0.7370753 0.5347469 -0.4054967 0.5144773 -0.06051568 0.8553657 17.5236 3.032815 -10.38548 223.9471 1101.764 97.647 -0.107967 -0.9941795 -0.005037358
-0.8863021 0.008264425 1 0.0050858 0.3431667 0 1015 49.83915 226.8389 1102.042 95.78825 0.1848775 0.9785129 -0.04461322 0.5119017 -0.05763922 0.8571084 7.132406 16.13475 -3.16891 224.0186 1102.399 97.64667 -0.1160203 -0.9932185 0.004921166
-2.480464 0.007195337 1 0.0044279 0.3408533 0 1015 49.83915 226.5105 1103.424 96.09031 -0.4933738 0.7988598 0.3346976 0.5048773 -0.0492502 0.8617845 -3.939786 18.77471 3.475418 224.2039 1103.804 97.61343 -0.1434087 -0.9889948 0.03548242
4.055607 0.008612175 1 0.0052998 0.3469732 0 1015 49.83915 224.4178 1104.748 97.38062 -0.8528542 0.1276097 0.499989 0.5004253 -0.04345233 0.8646886 -12.21716 7.110184 7.472256 224.3524 1104.764 97.56931 -0.1607272 -0.9855747 0.05344063
5.094845 0.007567625 1 0.004657 0.3507944 0.5084732 1015 49.83915 221.15 1103.527 99.2589 -0.6824314 -0.628541 0.364455 0.508112 -0.05321785 0.8596451 -0.2635478 -0.2427305 0.1407368 224.116 1103.18 97.63451 -0.1302811 -0.991174 0.02121611
4.698308 0.007376037 1 0.0045391 0.3472393 0 1015 49.83915 219.935 1100.136 99.83261 -0.09386228 -0.9921181 -0.02135448 0.5212438 -0.06762492 0.8507243 -3.848894 -13.70225 1.299642 223.7587 1099.893 97.62061 -0.09039729 -0.9954943 -0.02914253
5.886777 0.01064781 1 0.0065525 0.3414783 0 1015 49.83915 221.1252 1095.951 98.74464 0.5417404 -0.7253139 -0.4170819 0.5367992 -0.08193288 0.8397221 5.696155 -17.1274 -5.151731 223.4861 1096.002 97.3903 -0.04828533 -0.9948729 -0.0888446
7.085942 0.01078854 1 0.0066391 0.341225 0 1015 49.83915 225.3649 1093.845 95.72193 0.833585 0.006761304 -0.5464185 0.5465201 -0.0896799 0.8326303 14.58146 -6.679609 -10.16865 223.4053 1093.709 97.14352 -0.02167572 -0.9919912 -0.1244274
-0.2370668 0.009300849 1 0.0057236 0.3457548 0 1015 49.83915 226.0058 1093.944 95.3148 0.6103447 0.7187176 -0.3231131 0.5462671 -0.08948874 0.8328169 8.039947 7.291857 -4.490523 223.4066 1093.768 97.15089 -0.02237259 -0.9920896 -0.1235172
-1.701997 0.008255812 1 0.0050805 0.3426397 0 1015 49.83915 226.1986 1094.715 95.31055 -0.002004836 0.9912589 0.1043492 0.5428337 -0.08683766 0.8353385 5.285275 18.44755 -1.508724 223.4285 1094.571 97.2459 -0.03181352 -0.9933026 -0.1110745
-3.209622 0.0035763 1 0.0022008 0.3299744 0 1015 49.83915 225.4016 1096.571 96.09007 -0.6221559 0.6316876 0.4552897 0.5345048 -0.07998078 0.8413724 -7.534897 17.35732 6.532748 223.5146 1096.554 97.43748 -0.0545215 -0.9952812 -0.08025534
4.805751 0.009762512 1 0.0060077 0.3468449 0 1015 49.83915 222.5996 1097.453 97.96279 -0.8426577 -0.1150069 0.5196884 0.53095 -0.07685067 0.8439111 -11.88384 2.757023 7.74949 223.5665 1097.425 97.50188 -0.06418078 -0.9957018 -0.06671327
0.2846087 0.004854199 1 0.0029872 0.3475796 0 1015 49.83915 220.7059 1096.601 99.07623 -0.5585648 -0.7761303 0.2810554 0.5344184 -0.07990619 0.8414345 -7.423996 -7.903606 3.964232 223.5158 1096.575 97.43918 -0.05475643 -0.9952945 -0.07992991
1.800205 0.01092829 1 0.0067251 0.3428253 0 1015 49.83915 220.5548 1095.691 99.08302 0.09784663 -0.9789429 -0.1594372 0.5379171 -0.08286574 0.8389147 -3.219947 -18.79042 0.2257176 223.4736 1095.734 97.36575 -0.04524376 -0.9946361 -0.09299956
3.274127 0.009000225 1 0.0055386 0.3409217 0 1015 49.83915 221.5434 1093.921 98.24374 0.6711494 -0.5440468 -0.4968205 0.5451975 -0.08867423 0.8336046 9.063793 -17.1218 -7.651163 223.4125 1094.017 97.18147 -0.02531709 -0.992492 -0.1196588
-4.669782 0.01192701 1 0.0073397 0.3407525 0 1015 49.83915 224.3499 1093.445 96.32999 0.8199117 0.2369972 -0.5145788 0.5480936 -0.09085707 0.8314674 16.57857 -3.196998 -11.24264 223.3981 1093.345 97.0966 -0.01733468 -0.9913516 -0.1300721
-0.2580101 0.01225429 1 0.0075411 0.3396924 0 1015 49.83915 226.081 1094.589 95.36848 0.4530016 0.863803 -0.204536 0.5433233 -0.08722215 0.8349802 7.393262 10.40081 -3.724645 223.4249 1094.456 97.23293 -0.03046945 -0.9931437 -0.1128587
-1.749033 0.009169549 1 0.0056428 0.3435771 0 1015 49.83915 226.1178 1095.407 95.46835 -0.2003008 0.9500072 0.2247241 0.5397154 -0.08434253 0.8376114 1.786193 19.63105 0.8497026 223.4552 1095.307 97.32415 -0.04034361 -0.9942035 -0.09964589
-3.361742 0.00854945 1 0.0052612 0.3464038 0 1015 49.83915 224.9367 1097.016 96.44079 -0.7320988 0.4500148 0.5045706 0.5326396 -0.07835426 0.8427074 -9.447242 12.52249 7.21112 223.5407 1097.009 97.47261 -0.0595903 -0.9955351 -0.07320445
4.865471 0.007022762 1 0.0043217 0.3485006 0 1015 49.83915 221.9517 1097.134 98.33923 -0.8067765 -0.3368928 0.4781894 0.5322275 -0.07799007 0.8430014 -12.03968 -0.7329615 7.524585 223.5468 1097.11 97.47997 -0.06071018 -0.9955814 -0.07163396
0.5426522 0.007996137 1 0.0049207 0.3502016 0 1015 49.83915 220.6275 1096.143 99.08172 -0.3767039 -0.9099067 0.1522294 0.5362023 -0.08142995 0.8401523 -6.786879 -11.01537 3.263613 223.4932 1096.145 97.40299 -0.04990838 -0.9949892 -0.08661821
2.027163 0.008969026 1 0.0055194 0.3452994 0 1015 49.83915 220.6521 1095.051 98.95343 0.2878542 -0.9124191 -0.2784666 0.5404733 -0.08495641 0.8370606 0.2929306 -19.16713 -2.101585 223.4481 1095.128 97.30584 -0.03827492 -0.9940022 -0.1024341
3.502199 0.01110899 1 0.0068363 0.3449301 0 1015 49.83915 222.0886 1093.502 97.83239 0.7678084 -0.3329898 -0.5408104 0.5470914 -0.09010974 0.8322085 12.02562 -13.58131 -9.281555 223.4025 1093.577 97.12671 -0.02010058 -0.9917644 -0.1264806
-4.835545 0.01100872 1 0.0067746 0.3410859 0 1015 49.83915 225.0346 1093.843 95.9378 0.7644775 0.4504647 -0.453308 0.546564 -0.08971307 0.8325979 17.03115 1.335957 -11.05355 223.405 1093.699 97.14223 -0.02155457 -0.991974 -0.1245855
-0.476685 0.008927262 1 0.0054937 0.3458558 0 1015 49.83915 226.1989 1095.005 95.35587 0.2849978 0.9507797 -0.08702138 0.5414781 -0.08576284 0.8363287 6.343781 12.98651 -2.775328 223.4393 1094.89 97.28087 -0.03552806 -0.9937178 -0.1061199
-2.049029 0.008484125 1 0.005221 0.3459215 0 1015 49.83915 226.0606 1096.047 95.59827 -0.3822555 0.859512 0.3283063 0.5368509 -0.08197632 0.8396848 -2.054561 18.1815 3.129759 223.4855 1095.989 97.38918 -0.04814461 -0.9948624 -0.08903732
-3.653066 0.006149812 1 0.0037845 0.3479851 0 1015 49.83915 224.4277 1097.408 96.80813 -0.8096834 0.2349042 0.5309213 0.531019 -0.0769126 0.8438621 -10.87438 8.467402 7.670805 223.5655 1097.408 97.50073 -0.06399345 -0.9956962 -0.0669807
5.085441 0.005989587 1 0.0036859 0.3478079 0 1015 49.83915 221.304 1096.668 98.70316 -0.7273322 -0.5435227 0.4101076 0.5340734 -0.07960777 0.8416818 -11.63301 -3.986789 6.972865 223.5204 1096.659 97.44588 -0.05569392 -0.9953462 -0.07863
4.134093 0.009256325 1 0.0056962 0.3493868 0.009861316 1015 49.83915 219.8013 1093.541 99.34128 -0.1900849 -0.9777662 0.01962001 0.5462638 -0.0894862 0.8328194 -3.449925 -10.62827 1.129245 223.4066 1093.769 97.15099 -0.02238184 -0.9920909 -0.1235051
5.257143 0.009688899 1 0.0059624 0.3391629 0 1015 49.83915 220.4462 1089.736 98.42114 0.4531805 -0.7884408 -0.4066356 0.5619959 -0.100414 0.8210202 4.111751 -18.10386 -4.902296 223.4045 1090.176 96.59985 0.02151991 -0.9836741 -0.1786551
6.333055 0.01044387 1 0.006427 0.3346371 0 1015 49.83915 223.8582 1087.475 95.6507 0.8037087 -0.09746327 -0.5804716 0.5735197 -0.1074144 0.8121184 16.2237 -12.86009 -12.91802 223.5164 1087.388 96.03033 0.05713101 -0.9737803 -0.2201903
-0.01618714 1.841034E-08 1 0.0081233 0.07454596 0 1015 49.83915 226.0817 1087.765 94.10374 0.7626568 0.4200937 -0.4839587 0.5743586 -0.1078907 0.8114625 2.81034 1.520436 -1.787023 223.5291 1087.177 95.98226 0.05986615 -0.9729173 -0.2232636
-0.3168669 1.720007E-08 1 0.0059312 0.007693058 0 1015 49.83915 226.1028 1087.816 94.09898 0.7417291 0.4790313 -0.4611151 0.5741688 -0.1077833 0.811611 9.665067 6.175598 -6.01791 223.5262 1087.224 95.9932 0.05924656 -0.973114 -0.2225689
-0.03423579 5.618677E-08 1 0.0064385 0.0007877997 0 1015 49.83915 226.0567 1087.871 94.14366 0.7394585 0.4849565 -0.4584443 0.573895 -0.1076281 0.8118251 3.638388 2.385579 -2.255811 223.522 1087.293 96.00892 0.05835353 -0.9733963 -0.2215661
-0.3139732 4.804236E-08 1 0.0061583 8.648413E-05 0 1015 49.83915 226.0856 1087.933 94.1356 0.7392711 0.485511 -0.4580038 0.5736632 -0.1074962 0.8120064 9.661793 6.344775 -5.986432 223.5186 1087.351 96.02217 0.05759805 -0.9736339 -0.2207163
-0.02782241 1.381846E-07 1 0.0053638 1.165321E-05 0 1015 49.83915 226.048 1087.995 94.17564 0.7393255 0.4855173 -0.4577397 0.5733644 -0.1073257 0.8122398 3.373239 2.215212 -2.088486 223.5142 1087.427 96.03915 0.05662555 -0.9739383 -0.2196205
-0.3054505 1.178252E-07 1 0.003009 6.139253E-06 0 1015 49.83915 226.0759 1088.057 94.1683 0.7393677 0.4854703 -0.4575393 0.5731299 -0.1071915 0.8124231 9.409156 6.178243 -5.823134 223.5108 1087.485 96.05241 0.05586281 -0.9741759 -0.2187596
-0.02488687 3.447171E-07 1 0.0061658 7.057049E-06 0 1015 49.83915 226.0388 1088.121 94.20811 0.7394489 0.4854196 -0.4572991 0.5728278 -0.107018 0.812659 3.161371 2.075316 -1.955099 223.5065 1087.561 96.06941 0.05488161 -0.9744799 -0.2176502
-0.2811444 3.013628E-07 1 0.0058761 1.242267E-05 0 1015 49.83915 226.0661 1088.183 94.20113 0.7394964 0.485383 -0.457103 0.5725945 -0.1068837 0.8128411 9.242444 6.066565 -5.713439 223.5032 1087.62 96.08246 0.05412501 -0.9747131 -0.2167933
-0.01350113 7.941063E-07 1 0.0082122 1.502415E-05 0 1015 49.83915 226.0349 1088.252 94.23769 0.7395909 0.4853531 -0.4568518 0.5722739 -0.1066984 0.8130913 2.488673 1.633178 -1.537279 223.4988 1087.7 96.1003 0.05308677 -0.9750314 -0.2156153
-0.236364 6.910359E-07 1 0.0059166 2.588139E-05 0 1015 49.83915 226.0623 1088.315 94.23081 0.7396504 0.4853519 -0.4566548 0.5720353 -0.1065601 0.8132774 8.660801 5.683145 -5.347445 223.4955 1087.76 96.11349 0.05231516 -0.9752666 -0.2147383
-0.002631912 2.028335E-06 1 0.0060996 3.085717E-05 0 1015 49.83915 226.0249 1088.38 94.27112 0.7397518 0.4853714 -0.4564104 0.5717221 -0.1063779 0.8135216 0.9697938 0.6363088 -0.5983453 223.4914 1087.838 96.13071 0.0513042 -0.9755731 -0.2135871
-0.1503081 2.173309E-06 1 0.0066731 6.32478E-05 0 1015 49.83915 226.0386 1088.435 94.27231 0.7398083 0.4854397 -0.4562257 0.5715063 -0.106252 0.8136897 7.352208 4.824153 -4.534127 223.4886 1087.892 96.1425 0.05060881 -0.9757828 -0.2127941
-0.5168689 1.107705E-06 1 0.0051464 7.670898E-05 0 1015 49.83915 226.1008 1088.521 94.24532 0.7399004 0.4855646 -0.4559641 0.5711953 -0.10607 0.8139321 11.75446 7.713699 -7.245238 223.4846 1087.969 96.15941 0.04960827 -0.9760829 -0.211651
-0.09767204 5.960682E-06 1 0.0066902 0.000146163 0 1015 49.83915 226.0242 1088.563 94.30866 0.739944 0.4857877 -0.4557228 0.5709511 -0.1059266 0.8141221 6.506501 4.271327 -4.007394 223.4815 1088.03 96.17258 0.0488244 -0.9763167 -0.2107539
-0.4100921 4.051334E-06 1 0.0077205 0.0001994466 0 1015 49.83915 226.0693 1088.638 94.29168 0.7399752 0.4861261 -0.4554229 0.5706714 -0.105762 0.8143398 11.04929 7.257507 -6.801524 223.4781 1088.1 96.18759 0.04792844 -0.9765824 -0.2097269
-0.05904851 1.559561E-05 1 0.0060865 0.0003646233 0 1015 49.83915 226.0134 1088.695 94.34322 0.7399554 0.4866775 -0.4550451 0.5703762 -0.1055876 0.8145694 4.926956 3.240049 -3.029982 223.4745 1088.173 96.20333 0.04698481 -0.9768606 -0.2086434
-0.349916 1.155843E-05 1 0.0035426 0.0005275522 0 1015 49.83915 226.051 1088.767 94.33081 0.7397994 0.4875877 -0.454548 0.5701028 -0.1054256 0.8147819 10.22486 6.735586 -6.283554 223.4713 1088.241 96.2178 0.04611329 -0.977116 -0.2076408
-0.03797791 4.017071E-05 1 0.0066983 0.0008888846 0 1015 49.83915 226.0045 1088.831 94.37701 0.7394863 0.4889936 -0.4538361 0.5697866 -0.1052375 0.8150275 4.025305 2.661016 -2.470512 223.4676 1088.319 96.23441 0.04510773 -0.9774088 -0.206482
-0.3038022 3.531466E-05 1 0.0052378 0.001394478 0 1015 49.83915 226.0324 1088.898 94.37054 0.7388017 0.4912808 -0.4528054 0.5695242 -0.105081 0.8152313 9.790284 6.501819 -6.002046 223.4646 1088.384 96.2481 0.04427536 -0.9776496 -0.2055211
-0.01623824 0.0001041481 1 0.0032789 0.002090483 0 1015 49.83915 225.9965 1088.972 94.41113 0.7376625 0.4948072 -0.451213 0.569172 -0.1048702 0.8155046 2.517425 1.687987 -1.539943 223.4608 1088.47 96.26633 0.04316171 -0.9779696 -0.204233
-0.2427867 0.0001064046 1 0.0053249 0.003740541 0 1015 49.83915 226.0153 1089.036 94.41033 0.7355962 0.500415 -0.4488055 0.5689175 -0.1047173 0.8157018 8.924022 6.052269 -5.447544 223.458 1088.533 96.27939 0.04235937 -0.9781987 -0.2033034
-0.002888032 0.0002976458 1 0.0061488 0.004944144 0 1015 49.83915 225.9853 1089.12 94.44865 0.7320699 0.509508 -0.4448064 0.5685229 -0.1044795 0.8160076 1.047381 0.7287459 -0.6364228 223.4539 1088.63 96.29948 0.04111978 -0.97855 -0.2018642
-0.1682539 0.0003601416 1 0.0064544 0.009522704 0 1015 49.83915 225.9949 1089.183 94.45428 0.7258747 0.5241433 -0.4383758 0.5682606 -0.1043209 0.8162106 7.950024 5.704687 -4.806028 223.4512 1088.694 96.31271 0.04029872 -0.9787809 -0.2009091
-0.5042682 0.0002259621 1 0.005264 0.01428309 0 1015 49.83915 226.0497 1089.284 94.43536 0.7151918 0.547638 -0.4275943 0.5678706 -0.1040841 0.8165123 11.22855 8.448395 -6.73391 223.4473 1088.789 96.33221 0.03908202 -0.9791206 -0.199491
-0.06522089 0.001554971 1 0.0057822 0.03392978 0 1015 49.83915 225.9693 1089.359 94.50737 0.6931946 0.5907431 -0.4064839 0.5674709 -0.1038405 0.8168211 4.683823 3.943784 -2.752665 223.4435 1088.886 96.35197 0.03784119 -0.9794638 -0.1980415
-0.2244194 -0.006591151 1 0.0057839 -0.1180683 -0.02615305 1015 49.83915 225.9906 1089.466 94.51344 0.6976004 0.5833668 -0.4101195 0.5670196 -0.1035642 0.8171695 8.060457 7.230177 -4.677018 223.4394 1088.995 96.37403 0.03644716 -0.9798456 -0.1964089
-0.6052921 0.001020795 1 0.0065033 0.06057819 0 1015 49.83915 226.0603 1089.589 94.48823 0.6954411 0.5880377 -0.4076499 0.5665412 -0.10327 0.8175383 11.99192 9.424204 -7.122236 223.4352 1089.111 96.39709 0.03497835 -0.9802434 -0.1946841
-0.9751855 0.0006500783 1 0.0076532 0.09123418 0 1015 49.83915 226.1503 1089.822 94.47034 0.5464851 0.7870858 -0.2789654 0.5655934 -0.1026827 0.8182675 11.65324 13.99803 -6.304018 223.4274 1089.338 96.4418 0.03209561 -0.9810105 -0.1912851
-1.957109 0.0002006602 1 0.0064265 0.1706636 0 1015 49.83915 226.5051 1090.902 94.43279 0.23333 0.969276 -0.04164756 0.560896 -0.09970899 0.8218578 6.098707 15.75121 -2.250402 223.3994 1090.426 96.6449 0.018384 -0.9844193 -0.1748611
-3.596304 0.008108262 1 0.0049897 0.2019077 0 1015 49.83915 226.8002 1093.281 94.67345 0.01798893 0.9926971 0.0981784 0.5497486 -0.09207341 0.8302398 2.244752 17.79618 0.5394863 223.3923 1092.963 97.04517 -0.01275648 -0.9906279 -0.1359777
-5.108172 0.009855624 1 0.006065 0.3298505 0 1015 49.83915 225.7535 1096.753 95.88948 -0.5316872 0.7396368 0.4069337 0.5338467 -0.07941103 0.8418442 -5.506348 15.82262 5.132094 223.5236 1096.714 97.45022 -0.05630988 -0.9953789 -0.07777477
-6.474171 0.00754585 1 0.0046436 0.3490146 0 1015 49.83915 222.034 1098.792 98.44044 -0.8447761 0.04947292 0.528363 0.52585 -0.07213669 0.8475125 -10.72797 4.376553 7.07869 223.6575 1098.699 97.57524 -0.07801165 -0.9958369 -0.04670749
0.7580241 0.007549425 1 0.0046458 0.3475516 0 1015 49.83915 220.6984 1098.584 99.25352 -0.635922 -0.6912675 0.3359848 0.5268485 -0.07308155 0.8468112 -10.73522 -7.569642 6.022904 223.6381 1098.447 97.56271 -0.07530722 -0.9958535 -0.05062739
2.32165 0.009379338 1 0.0057719 0.346983 0 1015 49.83915 220.2902 1097.332 99.40553 -0.03387897 -0.9944908 -0.06987747 0.5315362 -0.07737541 0.8434941 -5.264198 -16.87646 1.779547 223.5574 1097.28 97.492 -0.06258865 -0.9956509 -0.06897987
3.728694 0.01386726 1 0.0085337 0.3422104 0 1015 49.83915 221.1639 1094.995 98.61681 0.5903862 -0.6668057 -0.4492295 0.540676 -0.08511981 0.836913 6.84446 -18.41501 -6.187595 223.4463 1095.08 97.30087 -0.0377211 -0.9939464 -0.1031787
-5.083464 0.01001943 1 0.0061658 0.3442397 0 1015 49.83915 224.103 1093.872 96.55672 0.835535 0.07226921 -0.5400382 0.5460931 -0.08935694 0.8329452 15.56778 -6.260288 -10.80253 223.4075 1093.809 97.15592 -0.02285177 -0.9921566 -0.1228907
-0.2863707 0.01049295 1 0.0064572 0.3364306 0 1015 49.83915 226.0374 1094.623 95.40224 0.5585729 0.7767155 -0.2822982 0.5431601 -0.08709416 0.8350998 9.166216 9.331273 -4.989317 223.426 1094.494 97.23727 -0.03091778 -0.9931973 -0.1122641
-1.819383 0.009210988 1 0.0056683 0.3460324 0 1015 49.83915 226.2017 1095.486 95.42594 -0.0599556 0.986102 0.1375354 0.5393748 -0.08406504 0.8378587 4.251601 18.70172 -0.846826 223.4585 1095.388 97.33222 -0.0412725 -0.9942903 -0.0983905
-3.426143 0.009818412 1 0.0060421 0.3467171 0 1015 49.83915 225.2385 1097.365 96.29279 -0.6590289 0.5841901 0.4682545 0.5311864 -0.07706273 0.843743 -7.504179 14.35507 6.117891 223.5628 1097.367 97.49793 -0.06353863 -0.9956822 -0.0676292
4.908175 0.007624337 1 0.0046919 0.3504721 0 1015 49.83915 222.3048 1098.059 98.20643 -0.8390733 -0.1785617 0.5087587 0.528601 -0.07471343 0.8455758 -12.06001 1.63397 7.69321 223.6059 1098.007 97.53852 -0.07055638 -0.9958322 -0.05752581
0.498667 0.006846287 1 0.0042131 0.3460546 0 1015 49.83915 220.725 1097.245 99.12376 -0.4842792 -0.8415717 0.2279281 0.5319139 -0.07771187 0.843225 -7.82887 -9.642835 4.049165 223.5516 1097.188 97.48547 -0.06156223 -0.9956142 -0.07043302
1.958722 0.009805249 1 0.006034 0.3423326 0 1015 49.83915 220.6304 1096.212 99.08672 0.1743577 -0.960587 -0.2039305 0.5358685 -0.08114719 0.8403927 -2.223164 -19.7944 -0.4684075 223.4972 1096.225 97.40997 -0.05081583 -0.9950511 -0.08537063
3.394523 0.01185129 1 0.0072931 0.3406464 0 1015 49.83915 221.7922 1094.491 98.15081 0.7109137 -0.4769447 -0.5116268 0.5428727 -0.08686833 0.83531 10.31001 -16.7482 -8.338253 223.4282 1094.562 97.24488 -0.03170661 -0.9932902 -0.1112166
-4.743334 0.008294812 1 0.0051045 0.3366718 0 1015 49.83915 224.6828 1094.256 96.23182 0.8090758 0.3069685 -0.4958017 0.5445753 -0.08819571 0.834062 17.57094 -2.101649 -11.67689 223.4164 1094.162 97.19886 -0.02702856 -0.992716 -0.1174069
-0.3905689 0.01069039 1 0.0065787 0.3386806 0 1015 49.83915 226.1187 1095.294 95.45164 0.3927557 0.9022453 -0.1621025 0.540166 -0.08470809 0.8372841 7.884007 12.20091 -3.852321 223.4509 1095.2 97.31332 -0.03911406 -0.9940852 -0.1013044
-1.940616 0.008458775 1 0.0052054 0.3462108 0 1015 49.83915 226.111 1096.258 95.59603 -0.2604717 0.9280171 0.2557622 0.5359141 -0.08118591 0.8403599 0.515423 19.0994 1.548153 223.4967 1096.214 97.40902 -0.05069182 -0.9950428 -0.08554125
-3.547022 0.0073515 1 0.004524 0.3462108 0 1015 49.83915 224.716 1097.864 96.67884 -0.7683136 0.3737423 0.5142552 0.5291343 -0.07520362 0.8451987 -10.17074 11.33543 7.448902 223.5966 1097.875 97.53062 -0.06910952 -0.9958129 -0.05962204
4.9979 0.006625612 1 0.0040773 0.348372 0 1015 49.83915 221.6377 1097.687 98.5898 -0.7864769 -0.4087801 0.4568367 0.5300938 -0.0760781 0.844519 -12.34731 -1.720191 7.576741 223.5804 1097.636 97.51579 -0.0665056 -0.9957629 -0.06338027
0.656896 0.007799512 1 0.0047997 0.3460752 0 1015 49.83915 220.626 1096.802 99.14588 -0.309609 -0.9417556 0.1076183 0.5336159 -0.0792102 0.8420094 -7.019704 -12.83695 3.241184 223.5267 1096.771 97.4546 -0.05693694 -0.995411 -0.07690316
2.158164 0.01022141 1 0.0062901 0.3460648 0 1015 49.83915 220.7343 1095.608 98.95929 0.3543027 -0.8774608 -0.3143831 0.5382563 -0.08314647 0.8386693 1.498355 -19.75484 -2.878021 223.4699 1095.654 97.3581 -0.04432043 -0.9945593 -0.09425641
3.567474 0.01002576 1 0.0061697 0.3383185 0 1015 49.83915 222.3128 1094.176 97.77216 0.7936538 -0.2591237 -0.5451725 0.5443241 -0.08800156 0.8342465 13.52146 -13.51389 -10.14791 223.418 1094.221 97.2058 -0.02771913 -0.9928043 -0.1164963
-4.929464 0.01028544 1 0.0063295 0.3438489 0 1015 49.83915 225.3231 1094.761 95.88725 0.7418333 0.5099593 -0.4288173 0.5425263 -0.08659521 0.8355634 17.08205 2.645694 -10.85273 223.4308 1094.643 97.25396 -0.03265688 -0.9934 -0.1099526
-4.509966 0.01048157 1 0.0064502 0.3400248 0.02866855 1015 49.83915 227.0676 1098.062 95.23352 0.2084117 0.9740486 -0.04458664 0.5281327 -0.07428059 0.8459064 3.688975 10.84455 -1.336147 223.6143 1098.125 97.54525 -0.07182638 -0.9958442 -0.05568288
-5.663878 0.009561012 1 0.0058837 0.340947 0 1015 49.83915 226.4142 1102.247 96.05776 -0.4627429 0.8191094 0.3302515 0.5112657 -0.05691319 0.8575364 -3.966784 16.83247 3.637428 224.0353 1102.54 97.64565 -0.1182411 -0.9929249 0.007543395
6.907893 0.0110331 1 0.0067896 0.3376036 0 1015 49.83915 222.4749 1105.025 98.52135 -0.8505523 0.1434363 0.5001012 0.5008359 -0.04400462 0.864423 -12.84794 7.472613 7.914582 224.3375 1104.673 97.57421 -0.1591441 -0.9859169 0.05185895
0.4302193 0.01112394 1 0.0068455 0.3489544 0 1015 49.83915 221.5081 1105.014 99.08664 -0.6927029 -0.6142647 0.370178 0.5016254 -0.04505638 0.863911 -10.0366 -6.187763 5.504021 224.3095 1104.498 97.58314 -0.1560993 -0.9865587 0.04878714
1.928029 0.00773955 1 0.0047628 0.3455286 0 1015 49.83915 221.1467 1104.105 99.27744 -0.1063338 -0.9913924 0.004631029 0.5056463 -0.05021088 0.8612779 -7.101929 -17.09439 3.190738 224.1818 1103.653 97.61926 -0.1402954 -0.9895382 0.03214137
3.278463 0.01274146 1 0.0078409 0.335726 0 1015 49.83915 221.778 1102.053 98.81988 0.5500588 -0.7385923 -0.3821944 0.5140007 -0.05999112 0.8556892 5.38132 -21.7685 -4.627357 223.9607 1101.888 97.64732 -0.1093533 -0.9940271 -0.003264819
-4.578897 0.04457862 1 0.027433 0.3280261 0 1015 49.83915 224.476 1100.761 97.10352 0.8524981 0.006724535 -0.5170013 0.5178502 -0.06413491 0.8530636 18.61906 -10.75087 -12.02196 223.8498 1100.838 97.63937 -0.0989847 -0.9949985 -0.0170874
-0.2060963 0.008922712 1 0.0054909 0.3352872 -0.0132996 1015 49.83915 226.6315 1101.547 95.86897 0.605862 0.7273363 -0.3129412 0.5140395 -0.06003397 0.8556628 7.90477 7.424622 -4.228113 223.9596 1101.878 97.6473 -0.1092389 -0.99404 -0.003410185
-1.612549 0.02100686 1 0.0129273 0.3372423 0 1015 49.83915 226.7949 1102.283 95.83524 -0.03028884 0.9930533 0.08324694 0.5107641 -0.05633622 0.8578733 5.455943 20.07484 -1.904421 224.0483 1102.648 97.64454 -0.1200512 -0.992678 0.009652145
-3.270864 0.00670995 1 0.0041292 0.3477326 0 1015 49.83915 225.9571 1104.086 96.45436 -0.6414296 0.6455385 0.40717 0.5021465 -0.04574322 0.8635721 -6.838205 15.10634 4.882061 224.2915 1104.383 97.58867 -0.1540887 -0.9869706 0.0467339
4.758882 0.006790875 1 0.004179 0.3492082 0 1015 49.83915 223.1075 1104.999 98.15144 -0.8601002 -0.108679 0.4922833 0.5004042 -0.04342382 0.8647023 -12.46737 2.897338 7.364005 224.3532 1104.769 97.56906 -0.1608087 -0.9855569 0.05352177
0.3955337 0.0067028 1 0.0041248 0.3503686 0 1015 49.83915 221.3457 1104.229 99.16331 -0.5426481 -0.790586 0.2726812 0.5050318 -0.0494441 0.8616828 -7.939705 -8.471097 4.167201 224.1994 1103.774 97.61463 -0.142786 -0.9891049 0.03481595
1.858168 0.01065496 1 0.0065569 0.3435656 0 1015 49.83915 221.2089 1103.294 99.21671 0.1176542 -0.9810507 -0.1319457 0.5091583 -0.05446189 0.858948 -3.195726 -19.12802 0.7172619 224.0893 1102.977 97.63929 -0.1261366 -0.9918042 0.01659255
3.287067 0.01355185 1 0.0083396 0.3427929 0 1015 49.83915 222.2778 1101.498 98.48618 0.6992432 -0.5403769 -0.4612461 0.5157817 -0.06193424 0.8544781 9.957992 -18.41947 -7.236429 223.9094 1101.413 97.64522 -0.1043524 -0.9945461 -0.00977544
-4.590809 0.01176321 1 0.0072389 0.338398 0 1015 49.83915 225.0902 1101.036 96.75352 0.8365776 0.2339403 -0.4889117 0.5166103 -0.06282283 0.8539125 19.03572 -4.671258 -11.84641 223.8854 1101.185 97.64334 -0.1021622 -0.9947445 -0.01272339
-4.363217 0.009986275 1 0.0061454 0.3383825 0.2026168 1015 49.83915 227.5944 1103.492 95.46365 0.4495878 0.8633257 -0.2147156 0.5037448 -0.04781427 0.8625281 4.389799 6.974315 -2.170596 224.2385 1104.037 97.60395 -0.147907 -0.9881753 0.04027335
-5.469204 0.004791475 1 0.0029486 0.3440997 0 1015 49.83915 228.015 1107.594 95.44763 -0.2342935 0.956567 0.1536926 0.4861191 -0.02130166 0.8736334 0.38455 16.7763 0.3552277 225.0656 1108.429 97.2592 -0.2174361 -0.9698871 0.1097965
-6.75075 0.006420375 1 0.003951 0.3407032 0 1015 49.83915 225.0447 1111.532 97.12122 -0.7808248 0.4490012 0.4268683 0.477721 -0.004426204 0.8784999 -9.365778 10.53653 5.249366 225.7678 1111.289 96.87679 -0.2539766 -0.9560937 0.1461947
0.2459565 0.007366449 1 0.0045332 0.3497996 0 1015 49.83915 223.0201 1112.201 98.22628 -0.8258179 -0.333349 0.4474168 0.4777834 -0.00456564 0.8784654 -8.02435 -2.107354 4.353201 225.7613 1111.265 96.8805 -0.2536914 -0.9562129 0.1459114
1.768322 0.007790412 1 0.0047941 0.3490882 0 1015 49.83915 222.5368 1111.56 98.50661 -0.3518322 -0.9142063 0.18338 0.47961 -0.008572747 0.8774402 -9.154775 -12.45165 4.892407 225.5812 1110.574 96.98297 -0.2454014 -0.9596016 0.1376682
3.129488 0.01971661 1 0.0121333 0.3367044 0 1015 49.83915 222.6075 1109.426 98.4911 0.3450924 -0.9106503 -0.211679 0.4850761 -0.01939902 0.8742568 0.9030324 -21.70718 -0.8759959 225.1374 1108.745 97.22255 -0.2217829 -0.9683974 0.1141342
4.491248 0.00894725 1 0.005506 0.3366724 0 1015 49.83915 224.7178 1107.308 97.28664 0.8135256 -0.3344826 -0.468458 0.4901054 -0.02813664 0.8712084 13.7176 -15.31072 -8.083909 224.8214 1107.295 97.37798 -0.2011776 -0.9750716 0.0935616
-0.05834654 0.0104689 1 0.0064424 0.3337887 -0.1773843 1015 49.83915 227.6489 1107.365 95.64366 0.7771967 0.4597731 -0.4215026 0.4871572 -0.02314576 0.873008 5.634329 2.805829 -3.069707 224.9976 1108.122 97.29324 -0.2131487 -0.9713112 0.105517
-1.370139 0.003730188 1 0.0022955 0.3449351 0 1015 49.83915 227.8977 1107.823 95.51984 0.2622195 0.9534869 -0.1237905 0.4854109 -0.02001518 0.8740572 9.399721 15.3679 -4.855918 225.114 1108.643 97.23459 -0.2203832 -0.968882 0.1127375
-3.001425 0.007141712 1 0.0043949 0.3454938 0 1015 49.83915 227.6199 1109.694 95.70996 -0.4403313 0.8582127 0.2505101 0.4801345 -0.0096883 0.8771418 -2.621496 17.75684 1.719069 225.5326 1110.383 97.01013 -0.2430541 -0.9605322 0.1353323
-3.76734 0.003434113 0.999962 0.0021133 0.1433953 0 1015 49.83915 -1.939654E-05 0.01393265 0 -0.001344579 0.965819 -0.243782 0.08775727 0.2439044 0.9658199 -2.573457 -0.5548056 1.501682 264.8472 1188.69 70.42261 -0.4755802 -0.8362523 0.2729575
-3.384021 0.003720112 1 0.0022893 0.1794112 0 1015 49.83915 -2.552101E-05 0.01355729 0 -0.001759573 0.9347221 -0.1790044 0.3066603 0.179582 0.9347237 -1.510539 0.6247132 1.106298 251.7671 1166.083 78.71304 -0.4735151 -0.8200248 0.3214698
4.518381 0 1 0.0045148 0.0122676 0 1015 49.83915 241.1531 1142.412 86.53922 -0.4239006 -0.847433 0.3005258 0.4416676 0.09543282 0.89209 -6.311462 -12.82212 4.553782 239.3503 1143.729 87.44057 -0.4390824 -0.8412662 0.3154005
