0.001086749 0 0.0001320682 0.0061094 -0.01778223 0 1015 49.83915 944.5912 1955.467 41.99706 -0.7847678 -0.6196823 0.009416398 -0.0171719 0.03692947 0.9991703 -0.8482625 -0.6698201 0.01017827 944.5914 1955.468 42.14706 -0.7843457 -0.6203177 0.002772298
2.244719 -0.004001968 0.4205879 0.0057454 -0.007966224 0 1015 49.83915 943.9857 1955.003 41.99908 -0.7947737 -0.606797 0.008333555 -0.0175212 0.03667133 0.9991736 -33.38171 -25.6809 0.3691036 944.1097 1955.088 42.14815 -0.7849695 -0.6195287 0.002386385
5.21908 0 0.9735876 0.0027972 -0.0111443 0 1015 49.83915 941.1285 1953.074 41.9946 -0.842036 -0.5393471 0.00277372 -0.01940465 0.03543334 0.9991837 -14.1376 -10.22437 0.1217053 941.3095 1952.889 42.15466 -0.7880432 -0.615617 0.001890522
5.617606 0 1 0.0064212 -0.001157035 0 1015 49.83915 937.0198 1950.481 41.98481 -0.8473375 -0.5309985 0.0001675248 -0.02146391 0.03456614 0.9991719 -1.519887 -1.099189 0.01308414 937.5164 1949.943 42.16409 -0.7914679 -0.6112073 0.002031359
5.459281 0 1 0.0216354 -0.0001183452 0 1015 49.83915 932.8658 1947.882 41.97544 -0.8478568 -0.5301597 -0.001136604 -0.02271307 0.03418174 0.9991575 -0.1591288 -0.1150827 0.001369882 933.7603 1947.057 42.174 -0.7943216 -0.6074936 0.002149766
5.252865 0 1 0.0065977 -1.237535E-05 0 1015 49.83915 928.8983 1945.402 41.96742 -0.847917 -0.530094 -0.001574834 -0.02324282 0.03420996 0.999145 -0.01731749 -0.01252408 0.00014908 929.9326 1944.143 42.18459 -0.7968314 -0.6041976 0.00225258
5.045287 0 1 0.0101574 -1.267528E-06 0 1015 49.83915 925.0463 1942.994 41.96981 -0.8478873 -0.5300347 -0.0009799652 -0.02052718 0.03098937 0.9993089 -0.001820037 -0.001316257 1.566804E-05 926.3389 1941.428 42.19494 -0.7988759 -0.6014914 0.002337838
4.8615 0 1 0.0067248 -1.334995E-07 0 1015 49.83915 921.3934 1940.711 41.96768 -0.8478907 -0.5300264 -0.0007538151 -0.02006235 0.03067276 0.9993281 -0.0002304528 -0.0001666644 1.983885E-06 922.8748 1938.828 42.20522 -0.8006167 -0.599172 0.002409914
4.666894 0 1 0.005159 -1.395294E-08 0 1015 49.83915 917.8508 1938.496 41.96735 -0.8478948 -0.5300198 -0.0005315545 -0.01947768 0.03015701 0.9993554 -2.371206E-05 -1.714866E-05 2.041287E-07 919.5214 1936.325 42.21544 -0.8021336 -0.5971394 0.002471592
4.492908 0 1 0.0053121 -1.428628E-09 0 1015 49.83915 914.4322 1936.359 41.96848 -0.8478969 -0.5300122 -0.0003229885 -0.01885157 0.02954912 0.9993855 -2.861377E-06 -2.069359E-06 2.463258E-08 916.2909 1933.925 42.22549 -0.8034443 -0.5953746 0.002525387
4.3413 0 1 0.0083597 -1.514095E-10 0 1015 49.83915 911.1747 1934.323 41.97045 -0.8478954 -0.5300041 -0.0001420371 -0.01828056 0.02897723 0.9994129 -5.471929 -3.420406 -0.0009579214 913.2247 1931.658 42.23521 -0.8045627 -0.5938619 0.002571659
6.598811 0.009413462 1 0.0057929 0.1155351 0 1015 49.83915 907.2413 1931.845 41.97438 -0.8289724 -0.5591476 0.001216182 -0.01763201 0.02831445 0.9994436 -30.12768 -19.09844 0.006931366 909.4881 1928.906 42.24727 -0.8058032 -0.5921776 0.002622334
9.535833 0 1 0.0053872 -0.0268204 0 1015 49.83915 901.7381 1927.486 42.00632 -0.7882448 -0.6152307 0.003649749 -0.01672063 0.02735205 0.999486 -28.20858 -22.1135 0.1309879 903.8395 1924.767 42.26587 -0.8074592 -0.5899172 0.002688867
12.21547 0 0.4485716 0.0076154 -0.002753567 0 1015 49.83915 894.0728 1921.708 42.04292 -0.8028217 -0.5960918 0.003050173 -0.01562041 0.02615228 0.999536 -26.4882 -19.89418 0.1046482 896.1306 1919.155 42.29189 -0.8093348 -0.5873411 0.002763974
14.52531 0 0.9454437 0.0030593 -0.0002824581 0 1015 49.83915 884.5827 1914.687 42.08583 -0.8042927 -0.5941026 0.003130278 -0.01437679 0.02472999 0.9995908 -24.38927 -18.0469 0.0940987 886.4874 1912.181 42.32523 -0.8111997 -0.5847623 0.002836738
16.48733 0 1 0.0080716 -2.879339E-05 0 1015 49.83915 873.5425 1906.535 42.13688 -0.8044463 -0.5938966 0.00323881 -0.01296393 0.02301153 0.9996511 -24.39283 -18.01199 0.09715138 875.4631 1904.258 42.36419 -0.8128349 -0.582487 0.002897709
18.19699 0 1 0.0054995 -3.008297E-06 0 1015 49.83915 861.2673 1897.473 42.19586 -0.8044617 -0.5938739 0.003301859 -0.01113329 0.02063949 0.999725 -22.06885 -16.29209 0.09012572 862.9985 1895.349 42.40899 -0.814192 -0.5805882 0.002945807
19.6605 0 1 0.0060055 -3.137157E-07 0 1015 49.83915 847.9467 1887.64 42.26315 -0.8044605 -0.5938701 0.003288402 -0.008341237 0.01683536 0.9998235 -22.61655 -16.69604 0.09275153 849.533 1885.766 42.45794 -0.8151863 -0.5791912 0.002974824
20.95441 0 0.2942929 0.00695 -3.20276E-08 0 1015 49.83915 833.449 1876.937 42.34594 -0.8044658 -0.5938767 0.003115301 -0.002065363 0.008043267 0.9999658 -20.33428 -15.01125 0.08051912 834.8767 1875.366 42.51153 -0.8158142 -0.5783064 0.002985293
22.0274 0 0.6856837 0.0105264 -3.377507E-09 0 1015 49.83915 818.4104 1865.835 42.5103 -0.8044436 -0.5938285 0.001950382 0.03300278 -0.04142818 0.9985957 -20.97353 -15.48285 0.06273437 819.7487 1864.648 42.56683 -0.8160474 -0.5779772 0.002976701
22.95989 0 1 0.0055758 -3.551926E-10 0 1015 49.83915 802.5597 1854.135 42.64404 -0.8044734 -0.5937076 0.0006362154 0.07327831 -0.09822854 0.9924625 -19.75392 -14.57938 0.02213562 803.5276 1853.157 42.62574 -0.8158637 -0.5782368 0.002945878
22.95694 0 1 0.0064262 -3.657221E-11 0 1015 49.83915 786.1236 1842.005 42.6773 -0.8045099 -0.5936695 0.0002466116 0.08532829 -0.1152213 0.9896683 -2.427362 -1.791394 0.001844772 786.8989 1841.36 42.68528 -0.8152263 -0.5791354 0.002890986
21.64094 0 1 0.0067433 -3.881096E-12 0 1015 49.83915 770.488 1830.467 42.66215 -0.8044472 -0.5937305 0.0009194629 0.06583704 -0.08766351 0.9939721 -0.07355689 -0.054285 5.590249E-05 771.0681 1830.094 42.74076 -0.8141814 -0.5806037 0.002815884
20.39526 0 1 0.0058694 -3.953059E-13 0 1015 49.83915 755.5553 1819.445 42.66449 -0.8043664 -0.5937716 0.001870604 0.03714857 -0.04717948 0.9981955 -0.002640625 -0.001948782 2.006849E-06 755.9349 1819.274 42.79228 -0.8127092 -0.5826632 0.002719266
19.52503 0 0.04683769 0.0060284 -4.114814E-14 0 1015 49.83915 741.5665 1809.119 42.69688 -0.8043614 -0.593779 0.002031494 0.03321623 -0.04157984 0.9985828 -13.66893 -10.09039 0.03428683 741.818 1809.121 42.83861 -0.8108659 -0.5852264 0.00260462
20.58122 0 0.1793212 0.0051998 -4.289128E-15 0 1015 49.83915 727.4992 1798.734 42.73303 -0.8043591 -0.5937833 0.002124636 0.03202278 -0.03980569 0.9986942 -21.17041 -15.62809 0.0551851 727.6461 1798.85 42.88296 -0.808437 -0.5885776 0.002457504
21.72358 0 0.5742276 0.0051621 -4.463281E-16 0 1015 49.83915 712.5847 1787.724 42.77322 -0.8043556 -0.593787 0.002223014 0.03166557 -0.03915577 0.9987312 -20.30695 -14.99084 0.05533725 712.6959 1787.904 42.92675 -0.8050575 -0.5931924 0.002259513
22.67824 0 0.9542655 0.0059384 -4.772942E-17 0 1015 49.83915 697.1213 1776.308 42.81696 -0.8043514 -0.5937928 0.002366976 0.03209314 -0.03949232 0.9987043 -21.32621 -15.74347 0.06144884 697.2949 1776.466 42.96763 -0.8003336 -0.5995517 0.001988634
23.54761 0 1 0.0117716 -4.679417E-18 0 1015 49.83915 680.3173 1763.903 42.8686 -0.804342 -0.5938033 0.002637985 0.03357555 -0.04104381 0.9985931 -19.43935 -14.35092 0.06177925 680.8502 1764.002 43.00477 -0.7930859 -0.6091076 0.001585095
24.23458 0 1 0.012192 0.09661563 0 1015 49.83915 663.8704 1751.318 42.90862 -0.7458219 -0.6658195 -0.002128774 0.03598472 -0.04350063 0.9984052 -21.60036 -17.33316 0.02010499 664.5625 1751.274 43.03174 -0.7818757 -0.6234336 0.000978729
24.95241 0 1 0.0051266 0.01005161 0 1015 49.83915 648.6523 1736.026 42.81206 -0.6856702 -0.7275243 -0.011298 0.02485545 -0.03893832 0.9989324 -16.23516 -16.7691 -0.2061299 647.855 1737.548 43.04125 -0.7628102 -0.6466218 -0.001267905
25.49075 0 1 0.0055386 -0.04973272 0 1015 49.83915 632.6464 1720.656 42.60047 -0.7794198 -0.6260332 -0.01226419 0.01868492 -0.04283189 0.9989076 -18.56917 -16.30273 -0.295301 630.8853 1723.057 42.88635 -0.7570557 -0.653213 -0.01339368
25.91384 0 1 0.0061289 -0.005207612 0 1015 49.83915 614.6294 1707.068 42.18942 -0.80667 -0.5903363 -0.01897006 0.02196554 -0.06207955 0.9978293 -17.74141 -13.15857 -0.3820513 613.973 1708.192 42.42382 -0.7427298 -0.6690142 -0.02778987
26.27454 0.01344281 1 0.0082725 0.0728092 0 1015 49.83915 596.0035 1693.49 41.66837 -0.7981951 -0.60176 -0.01676395 0.06141476 -0.1091016 0.9921317 -21.01324 -15.38077 -0.465503 597.3985 1692.615 41.63575 -0.7090088 -0.7040457 -0.04032956
26.66945 0 1 0.0057194 0.05656836 0 1015 49.83915 580.5035 1676.6 40.87891 -0.5692233 -0.8204679 -0.04672404 0.1437082 -0.1553598 0.9773493 -14.04365 -17.91445 -0.9773429 581.8879 1675.804 40.6988 -0.6383879 -0.7688327 -0.03683601
26.98836 -0.01239637 1 0.0203785 0.03154758 0 1015 49.83915 568.7338 1656.237 39.88317 -0.4235939 -0.9050127 -0.02954819 0.1598616 -0.1068638 0.9813377 -11.93422 -23.02554 -0.9642355 568.5031 1657.522 40.21073 -0.5422111 -0.8402417 -0.001113094
27.30587 0.01042161 1 0.0064133 0.07817621 0 1015 49.83915 557.2264 1635.681 40.53712 -0.5178199 -0.8533216 0.05431366 0.1253597 -0.0129296 0.9920272 -11.72311 -19.46618 0.8648598 556.2912 1636.554 40.81669 -0.4728378 -0.8797352 0.04990457
27.55558 0 1 0.006239 0.01513401 0 1015 49.83915 546.6303 1614.079 42.15804 -0.397314 -0.9123907 0.09443039 0.1700634 0.02789264 0.9850383 -9.499191 -20.75383 1.868704 545.263 1615.092 42.5154 -0.4227473 -0.9013994 0.09360901
27.81057 0.004233474 1 0.0069106 0.005521666 0 1015 49.83915 537.2758 1591.709 45.11523 -0.3712896 -0.9154677 0.1521609 0.2655011 0.05232948 0.9626896 -8.429383 -20.45793 3.076807 536.4393 1592.394 45.45873 -0.3084698 -0.9408325 0.1402891
27.98862 0 1 0.0067173 0.01896849 0 1015 49.83915 530.1877 1568.499 48.94194 -0.2362394 -0.9586257 0.1559226 0.3201953 0.07470161 0.9444024 -5.885619 -21.79484 3.503709 529.6754 1569.025 49.22403 -0.2473459 -0.9551437 0.1628505
28.14233 0 1 0.0064742 0.002019146 0 1015 49.83915 524.7698 1545.045 52.9578 -0.2138439 -0.9616305 0.1689971 0.3748145 0.07898685 0.9237317 -4.786702 -21.14056 3.649802 524.0604 1545.607 53.34764 -0.2162368 -0.9608707 0.1731153
28.2188 0 1 0.008836799 -0.03026311 0 1015 49.83915 518.423 1521.345 57.68261 -0.312243 -0.9298093 0.1909389 0.2046669 0.1304818 0.9700958 -6.292216 -20.51351 4.139551 518.8609 1521.703 57.69207 -0.2055503 -0.9628157 0.1753141
28.30241 0 1 0.0054478 0.02827413 0 1015 49.83915 511.6992 1498.105 61.61832 -0.2157578 -0.9600093 0.170227 -0.08220124 0.1918856 0.977967 -5.284244 -21.06835 3.811095 513.7365 1497.99 61.96193 -0.2138479 -0.9619578 0.1700182
28.46603 -0.009612688 1 0.0059155 -0.05586633 0 1015 49.83915 506.7307 1474.097 65.52443 -0.2006447 -0.9632768 0.168581 -0.250195 0.2172357 0.9435101 -5.021741 -24.64116 4.377367 508.0895 1474.134 66.02618 -0.2453174 -0.956965 0.1550405
28.70825 -0.01080121 1 0.0066469 -0.08659995 0 1015 49.83915 499.7094 1450.335 68.93525 -0.3285215 -0.9352052 0.1184076 -0.295898 0.2215864 0.9291631 -6.945917 -21.55807 2.963977 501.1624 1450.28 69.56091 -0.3155905 -0.9409554 0.1224997
28.80119 0 1 0.0063452 -0.01613463 0 1015 49.83915 489.603 1427.708 70.70364 -0.4422427 -0.8923353 0.06756879 -0.3795337 0.2554303 0.8892186 -9.737884 -20.51938 1.694362 491.5019 1427.107 71.836 -0.4714403 -0.8807102 0.04578065
28.91293 0 1 0.0053981 -0.08540251 0 1015 49.83915 475.0635 1407.209 69.8173 -0.6927944 -0.7114598 -0.1004245 -0.4487261 0.3191268 0.8347472 -14.14034 -16.69155 -1.368968 475.9623 1406.477 70.72914 -0.7143556 -0.6852049 -0.1420795
28.84873 0 1 0.0064513 -0.1149335 0 1015 49.83915 455.0382 1392.545 64.36018 -0.8609998 -0.4042951 -0.3023698 -0.4564957 0.3654813 0.8111933 -16.91904 -9.709542 -5.281403 455.4437 1392.117 64.93131 -0.8533056 -0.4340345 -0.2889401
28.68755 0 1 0.005185 -0.01220067 0 1015 49.83915 432.9985 1384.042 56.54117 -0.8947098 -0.3049529 -0.3196894 -0.3910915 0.207434 0.8966698 -17.47313 -6.263877 -6.369538 433.3387 1383.351 56.99989 -0.9004427 -0.2874967 -0.3264191
28.52215 0 1 0.0045114 -0.001260123 0 1015 49.83915 410.0561 1376.624 49.16285 -0.927317 -0.2921477 -0.2199433 -0.1975269 -0.1066669 0.9744903 -18.16406 -5.764393 -4.968452 410.3161 1376.41 49.34185 -0.9203809 -0.2926222 -0.2593665
28.45225 0 1 0.0057152 0.04173771 0 1015 49.83915 387.1232 1366.982 45.44847 -0.8709473 -0.4842084 0.02571275 0.07559377 -0.08320477 0.9936602 -18.33606 -9.132183 -1.01403 387.6591 1366.725 45.53616 -0.851509 -0.5242072 0.00718245
28.30835 0 1 0.005644 0.00446902 0 1015 49.83915 366.5339 1354.411 50.24239 -0.796007 -0.5178618 0.3031545 0.3270532 0.04972401 0.9436997 -15.70695 -9.946486 4.699733 367.1875 1353.897 50.19365 -0.7963774 -0.4966244 0.3451702
28.08531 0 1 0.0054344 0.0004663072 0 1015 49.83915 347.8229 1341.602 61.21625 -0.7222838 -0.5181627 0.450065 0.5613602 -0.06597807 0.8249342 -13.45817 -9.47938 7.87456 348.2616 1341.366 61.05009 -0.7098941 -0.5184296 0.4767413
27.84875 0 1 0.0056345 0.1550848 0 1015 49.83915 330.7697 1327.178 72.4378 -0.6297177 -0.718295 0.2831216 0.5750179 -0.1904955 0.7956547 -12.5682 -12.58792 6.570562 331.3463 1326.846 72.09534 -0.6492502 -0.6679111 0.3638352
27.81475 0 1 0.0094836 0.1824672 0 1015 49.83915 316.0495 1308.153 77.06568 -0.5459289 -0.8317114 0.05216518 0.4497886 -0.2413033 0.85992 -12.46994 -17.15024 2.539761 316.6852 1308.296 76.92197 -0.5314478 -0.8469078 0.01748507
27.82468 0.0054457 1 0.0033512 0.1550553 0 1015 49.83915 304.3604 1287.313 75.04128 -0.4304269 -0.8874024 -0.140399 0.320525 -0.2977385 0.8992321 -9.645029 -18.18573 -2.055992 305.8732 1286.957 74.53332 -0.3822076 -0.9066415 -0.1786515
27.93242 0 1 0.0052341 0.03132331 0 1015 49.83915 297.3401 1264.722 69.44251 -0.207686 -0.9506322 -0.2119031 0.1179337 -0.2405256 0.963451 -5.486236 -21.38044 -4.853876 297.5048 1264.901 69.61684 -0.3256963 -0.9221621 -0.2086597
28.09243 0 1 0.0059362 -0.035905 0 1015 49.83915 290.857 1241.501 65.1041 -0.3383956 -0.9300746 -0.1071802 -0.05468845 -0.09465024 0.9940096 -6.787548 -20.70719 -3.024897 289.5492 1242.264 65.2548 -0.3365039 -0.9323677 -0.1321136
28.13992 0 1 0.0061918 -0.003628982 0 1015 49.83915 281.7403 1218.378 64.00697 -0.3808341 -0.918319 0.05102719 -0.07372958 0.08578546 0.9935818 -7.974602 -19.67901 0.1956889 280.5266 1219.237 63.99276 -0.3979197 -0.9161654 0.04786146
28.10666 0 1 0.0049478 -0.08659145 0 1015 49.83915 271.953 1196.342 67.83572 -0.4608169 -0.8570213 0.2099974 0.01914001 0.2282272 0.9734197 -8.514617 -17.71446 3.579636 269.8877 1197.718 67.70378 -0.4657093 -0.8538315 0.2325673
27.9785 0 1 0.0051361 -0.009048456 0 1015 49.83915 259.5691 1176.175 74.2515 -0.5189758 -0.7966021 0.2943306 0.2031346 0.2201746 0.9540751 -10.10171 -15.8136 5.458048 258.2763 1177.292 74.41891 -0.4785475 -0.8233651 0.3050607
27.83174 0 1 0.0054995 0.08714902 0 1015 49.83915 247.0547 1156.653 82.00549 -0.4608201 -0.8228631 0.3171698 0.3744505 0.143404 0.9160903 -9.515599 -15.59255 6.205219 246.7161 1157.244 82.20156 -0.4642281 -0.8237898 0.3253658
27.70177 0 1 0.0046863 0.009107096 0 1015 49.83915 236.8687 1136.01 89.36113 -0.4033915 -0.8639398 0.2842609 0.4524402 0.08096071 0.8881127 -9.227658 -19.41619 6.586885 235.9079 1136.937 89.91633 -0.4196161 -0.856133 0.301592
27.59712 0.003876762 1 0.0023857 0.1098977 0 1015 49.83915 227.0288 1114.962 95.97356 -0.3971537 -0.883387 0.2276334 0.4691542 0.01660068 0.8829598 -7.708089 -16.52605 4.717622 226.8951 1115.163 96.19138 -0.294875 -0.9371279 0.1866462
27.51055 0.009385675 1 0.0057758 0.1018265 0 1015 49.83915 220.0474 1092.13 99.01421 -0.2209104 -0.969232 0.03805121 0.5511056 -0.09305488 0.8292301 -5.251305 -20.40836 1.503878 223.3889 1092.651 97.00141 -0.008990886 -0.9899957 -0.1407984
11.83319 0 0.1470453 0.0049017 0.1206468 0 1015 49.83915 220.3547 1080.253 96.90681 0.1577026 -0.9475166 -0.2587703 0.5952029 -0.1180156 0.7948625 2.426562 -25.02731 -5.381808 224.0841 1081.656 94.47165 0.1330073 -0.9448592 -0.2992553
13.81997 0.01848206 0.6067272 0.0257502 0.2125813 0 1015 49.83915 223.1703 1069.935 92.67032 0.3788169 -0.8104626 -0.4350263 0.6219466 -0.1242864 0.7731334 8.480135 -28.69221 -11.21289 226.0927 1072.317 90.85153 0.2576313 -0.8795872 -0.3999383
14.00884 0.007839975 0.7662627 0.0048246 0.3103414 0 1015 49.83915 229.9614 1062.85 85.59893 0.7136898 -0.3025112 -0.6235223 0.6253197 -0.1154839 0.7717758 0.5831726 -1.97314 -0.7711017 229.7456 1062.7 85.90015 0.3778284 -0.8053509 -0.4567935
0 0.01069207 0 0.0201589 0.3096685 0 1015 49.83915 233.1372 1061.971 82.83098 0.7302828 0.4311793 -0.5200985 0.619385 -0.1116844 0.7771032 0 0 0 231.0764 1060.011 84.34193 0.4091049 -0.7858535 -0.4637541
-0.05856318 0.009111888 0.01363439 0.0079144 0.2018731 0 1015 49.83915 233.139 1061.974 82.83006 0.4693491 0.8398474 -0.2533907 0.6193874 -0.1116855 0.7771011 5.766348 9.740058 -3.196203 231.0759 1060.012 84.34241 0.4090953 -0.7858595 -0.4637525
-1.197903 0.002830425 0.3139578 0.0017418 0.1990854 0 1015 49.83915 233.1476 1062.263 82.86927 0.1254007 0.986111 0.04205675 0.6199443 -0.1119584 0.7766171 7.302338 32.53222 -1.141587 230.975 1060.207 84.45724 0.4068692 -0.7872364 -0.4633774
-4.648779 0.008183689 0.8982154 0.0050961 0.2676533 0 1015 49.83915 232.8846 1064.676 83.48323 -0.2642139 0.8945929 0.3461311 0.6242796 -0.1146096 0.7727486 -3.692697 37.34175 8.440206 230.0402 1062.08 85.54636 0.3851377 -0.8007681 -0.4587379
-7.863871 0 1 0.0047679 0.099093 0 1015 49.83915 230.2302 1068.522 86.4195 -0.5960539 0.5529383 0.5735507 0.6279999 -0.1205168 0.7688251 -16.30344 21.87495 16.64113 228.0186 1066.702 88.09158 0.3292738 -0.8358659 -0.4392183
-10.65829 -0.007838513 0.1042199 0.0048237 -0.2673865 0 1015 49.83915 225.7903 1073.591 91.21361 -0.4215759 0.7742457 0.4613604 0.6196414 -0.124395 0.774965 -14.27349 19.25068 14.61591 225.778 1073.428 91.34863 0.2430532 -0.888082 -0.3901775
-12.8858 -0.002632987 0.5147466 0.0016203 -0.087762 0 1015 49.83915 223.6286 1083.096 94.95963 -0.07548109 0.9724404 0.1966373 0.5899684 -0.1157886 0.7990803 -4.405797 27.28885 7.534631 223.8961 1083.102 94.91363 0.1136527 -0.9531533 -0.2803128
-14.93835 0 0.9514399 0.002983 -0.075953 0 1015 49.83915 224.6749 1095.11 96.35539 0.2108117 0.9716437 -0.03708646 0.5411119 -0.08546996 0.8365956 3.80352 27.56121 0.7610301 223.4424 1094.977 97.29006 -0.0365296 -0.9938238 -0.1047782
-16.73708 -0.008108749 1 0.00499 -0.008984208 0 1015 49.83915 226.7672 1108.81 96.16795 0.03924762 0.9941049 -0.002363383 0.483809 -0.01702071 0.8750076 2.474181 25.83187 -0.229404 225.2296 1109.142 97.1745 -0.2271218 -0.9665091 0.1194597
-18.24407 0 1 0.0064223 -0.08247133 0 1015 49.83915 229.4099 1123.62 94.28512 0.3029556 0.9242435 -0.2092004 0.4595197 0.05008987 0.8867541 6.86628 28.03512 -4.560636 229.7814 1123.235 94.26421 -0.3569506 -0.900992 0.2465782
-19.69299 0 1 0.0028478 -0.04802462 0 1015 49.83915 236.1043 1137.942 89.56474 0.4834031 0.8081712 -0.3208941 0.4518696 0.08241452 0.8882689 11.58185 22.15012 -7.732591 236.3074 1137.749 89.62911 -0.4222531 -0.8541186 0.3036189
-20.95151 0 0.306908 0.0062804 -0.004930789 0 1015 49.83915 245.1186 1152.083 83.50768 0.5139048 0.7825015 -0.3366581 0.4039181 0.1246336 0.906265 13.23326 20.56497 -8.72827 244.1082 1152.571 84.04089 -0.457203 -0.8281589 0.3242196
-21.98145 0 0.6791043 0.0079708 0.09609763 0 1015 49.83915 254.8793 1166.907 77.4108 0.4929879 0.8052534 -0.3131376 0.2907919 0.1868713 0.9383594 12.44141 19.13464 -7.847053 252.8413 1167.94 77.98666 -0.4748548 -0.8199588 0.3196568
-22.88016 0 1 0.0060077 -0.0417325 0 1015 49.83915 263.9819 1183.104 71.82229 0.4980655 0.8167698 -0.2718172 0.1349168 0.2378397 0.9618878 11.54293 20.01431 -6.897496 262.1335 1183.951 72.0221 -0.4779167 -0.8296835 0.2884809
-23.62155 0 1 0.0059476 0.03999912 0 1015 49.83915 274.1347 1199.977 66.92128 0.4541159 0.8642186 -0.1893487 0.0006587022 0.2136911 0.9769012 11.03484 19.48777 -4.940224 271.6594 1201.001 66.84895 -0.4598575 -0.8619528 0.213467
-24.3089 0 1 0.0061706 0.004167445 0 1015 49.83915 283.1596 1218.59 64.09451 0.4159231 0.9021369 -0.04569316 -0.07413311 0.08450735 0.9936613 9.802923 20.71572 -1.999284 280.6016 1219.41 63.98396 -0.3973212 -0.9165162 0.04609721
-24.84676 0 1 0.0062739 0.0004288339 0 1015 49.83915 292.016 1238.263 64.87245 0.401274 0.9051843 0.09194459 -0.06642818 -0.07164138 0.9952142 9.028958 20.22652 1.315999 288.4633 1239.278 64.85838 -0.3419914 -0.9326774 -0.1146937
-21.51109 0.009191487 1 0.0056563 0.1249818 0 1015 49.83915 299.9598 1257.533 67.56897 0.3519633 0.9137086 0.1722777 0.05980928 -0.2071516 0.9764786 2.763761 6.934334 1.2847 295.355 1258.765 68.26221 -0.3227743 -0.9256194 -0.1976013
-22.01426 0 1 0.0049056 0.04471824 0 1015 49.83915 303.2787 1275.504 71.44466 0.06776351 0.9535243 0.2723822 0.2241998 -0.2823772 0.9327373 2.490543 21.87573 5.761744 301.468 1275.833 72.12957 -0.3436874 -0.9155409 -0.2089583
-22.87617 0 1 0.0060091 -0.0493005 0 1015 49.83915 304.9128 1294.37 77.38474 0.1458462 0.9497647 0.253751 0.3583994 -0.2919496 0.886744 2.667096 22.48046 6.382987 308.4352 1292.792 75.59283 -0.4123514 -0.8991349 -0.1467207
-13.58696 0 0.1446582 0.0064348 -0.1307098 0 1015 49.83915 310.1259 1305.72 79.12572 0.5014386 0.8579693 0.01330615 0.4186659 -0.2581916 0.8706644 10.93208 22.11939 1.627513 313.879 1303.563 76.832 -0.489062 -0.8709577 -0.04747688
-15.46489 0 0.5861375 0.0052487 -0.01343436 0 1015 49.83915 317.0805 1316.279 78.93839 0.5550772 0.8179792 -0.1022647 0.4891136 -0.2266091 0.8422683 16.37692 24.68435 -2.089019 320.1904 1313.507 76.53737 -0.5810207 -0.8062618 0.1111719
-14.39006 -0.008442882 0.8442071 0.0064432 -0.2750919 0 1015 49.83915 325.0894 1325.574 76.32098 0.7331999 0.5703767 -0.3530599 0.5505446 -0.2071245 0.8087019 17.46293 17.16775 -7.056756 327.34 1322.508 74.15275 -0.6309175 -0.7196308 0.2899398
-16.11511 0.01088604 1 0.0066991 0.1236674 0 1015 49.83915 335.3455 1331.271 69.65656 0.7604014 0.4225562 -0.4804367 0.5911005 -0.1663278 0.7892627 25.50138 13.93295 -15.33967 335.4425 1330.856 69.64415 -0.6643333 -0.6194618 0.4182374
-17.904 -0.008839187 1 0.0054395 -0.2131363 0 1015 49.83915 346.0158 1339.108 62.37162 0.7386722 0.4642674 -0.4758589 0.5777138 -0.08735458 0.8115541 20.06149 14.553 -12.62695 345.7421 1339.49 62.75634 -0.7000776 -0.5318722 0.4764475
-19.35119 0.01379934 1 0.0089539 0.2498223 0 1015 49.83915 358.4191 1346.702 54.55899 0.6837874 0.6223037 -0.3637423 0.4608342 0.01232876 0.8873999 22.79764 15.96454 -13.1503 357.617 1347.808 55.10957 -0.7512749 -0.492615 0.4392201
-20.71865 -0.007449503 0.2203263 0.006301 -0.2266531 0 1015 49.83915 369.5147 1359.156 48.83356 0.7273494 0.6337949 -0.236633 0.2773295 0.04013488 0.9599367 17.71704 18.48481 -7.18757 370.9817 1356.255 48.68092 -0.8122866 -0.5037444 0.2940014
-21.81808 -0.009898491 0.633363 0.0096721 -0.1654263 0 1015 49.83915 385.868 1367.164 45.55103 0.9530938 0.270561 -0.07067063 0.0936029 -0.07032731 0.9931214 27.24225 11.13976 -3.831996 386.3129 1365.876 45.56787 -0.843824 -0.5355486 0.03475999
-21.15549 0.01043705 1 0.0064228 0.1734032 0.1243606 1015 49.83915 404.95 1369.938 46.94773 0.9732533 0.1409214 0.1394545 -0.1185432 -0.152285 0.9812 5.745332 0.7691173 0.765847 403.0952 1373.962 47.49837 -0.9188666 -0.336155 -0.2066198
-20.18465 0.01019915 0.05345377 0.0062764 0.3083072 0 1015 49.83915 419.6986 1377.275 52.07108 0.6884956 0.6861316 0.2027064 -0.2873083 0.005326496 0.9578182 19.96164 13.77136 5.55191 418.9846 1379.038 51.99754 -0.9152824 -0.2696048 -0.2992871
-0.06907842 -0.008535475 0.08447337 0.0052526 -0.1115475 -0.2067846 1015 49.83915 424.7397 1384.005 53.4493 0.3995927 0.907521 0.04908804 -0.3414039 0.09977117 0.9346081 3.772187 8.84306 0.4340488 425.4012 1380.924 54.16975 -0.9093966 -0.2697133 -0.3166271
-1.72051 -0.008887287 0.3948606 0.0054691 -0.1243469 -0.3980629 1015 49.83915 425.3078 1384.457 53.58149 0.5656462 0.8079516 0.115831 -0.3458581 0.1085213 0.93199 4.45901 6.520886 0.8988232 426.0099 1381.105 54.38228 -0.9087781 -0.2704017 -0.3178141
-3.278756 -0.009284438 0.7113597 0.0057135 -0.1924944 -0.01840747 1015 49.83915 426.9894 1385.719 53.95675 0.8206841 0.5019419 0.2455392 -0.3583657 0.1339723 0.9239208 15.20961 10.28996 4.416164 427.8077 1381.642 55.01509 -0.9068898 -0.2730987 -0.3208862
-5.842981 -0.009468712 1 0.0058269 -0.2695101 0 1015 49.83915 430.4982 1386.562 55.01293 0.9129358 -0.03472664 0.3886217 -0.3794577 0.1801228 0.9075037 36.38096 7.273993 13.58681 431.2062 1382.68 56.22915 -0.9030528 -0.2808716 -0.3249736
-8.719567 -0.007825516 1 0.0064857 -0.3101326 0 1015 49.83915 435.5457 1384.242 57.60613 0.6247203 -0.6276317 0.4487863 -0.4016511 0.2334199 0.8855469 30.50482 -14.68262 17.03694 435.4874 1384.047 57.78125 -0.8976242 -0.2955183 -0.3270163
0.005980346 -0.00552423 1 0.0055286 -0.2378953 0 1015 49.83915 437.4396 1381.387 59.28105 0.04876719 -0.9478274 0.2902882 -0.4074598 0.2481974 0.8788472 0.1616047 -2.81122 0.8688596 436.7774 1384.475 58.25191 -0.8958278 -0.3009799 -0.3269621
0.1229106 0.01096729 1 0.0067491 -0.01516101 0.1872923 1015 49.83915 437.343 1381.47 59.20961 -0.3516926 -0.9227738 0.09675773 -0.4071335 0.2473612 0.8792331 -4.824107 -12.98807 1.420549 436.7027 1384.45 58.22465 -0.8959343 -0.3006506 -0.3269737
1.017221 -0.006131221 1 0.0051914 -0.1395479 0 1015 49.83915 437.2015 1381.268 59.19319 -0.3643067 -0.9182906 0.08791186 -0.4064001 0.2454835 0.8800967 -10.44629 -30.80115 3.790704 436.5358 1384.394 58.16373 -0.8961713 -0.2999204 -0.3269959
0.5935599 0.0002996153 1 0.0082231 0.2199816 0 1015 49.83915 437.074 1381.301 59.11992 -0.1671645 -0.9586269 0.1887374 -0.4058873 0.2441727 0.8806973 -6.806813 -26.3693 4.180572 436.42 1384.356 58.12144 -0.8963348 -0.2994182 -0.3270083
0.4267013 -0.006266847 1 0.0081161 -0.1484648 0 1015 49.83915 436.9842 1381.314 59.07119 -0.2371745 -0.9495255 0.1529631 -0.4055205 0.243236 0.8811252 -4.636651 -22.8115 4.166788 436.3375 1384.328 58.09134 -0.8964508 -0.2990631 -0.3270155
0.1777015 -0.005942285 1 0.00616 -0.04170743 0 1015 49.83915 436.8506 1381.304 59.00643 -0.2571137 -0.9455086 0.1411598 -0.4049437 0.2417647 0.8817953 -4.219192 -15.77558 2.388398 436.2084 1384.285 58.04425 -0.8966314 -0.2985115 -0.3270244
0.02242159 -0.005071577 1 0.0053579 0.02545853 0 1015 49.83915 436.6932 1381.25 58.94183 -0.2799884 -0.9403484 0.1274051 -0.4042279 0.2399426 0.8826217 -1.667376 -5.566546 0.7497115 436.0494 1384.233 57.98624 -0.8968526 -0.2978385 -0.3270309
0.5521155 -0.001421318 1 0.0065907 0.1363861 0 1015 49.83915 436.5602 1381.096 58.91574 -0.3374238 -0.9247137 0.09520262 -0.4035422 0.2382008 0.883408 -9.884049 -24.34905 2.0574 435.8983 1384.182 57.9311 -0.8970616 -0.2972056 -0.3270328
0.1675517 0 1 0.0058183 -0.02068207 0 1015 49.83915 436.4606 1381.14 58.85429 -0.09696024 -0.9604235 0.2134998 -0.4031398 0.2371807 0.8838667 -0.4904785 -4.309546 0.9331445 435.8102 1384.153 57.89894 -0.8971831 -0.2968395 -0.3270319
-0.5381988 0.004837141 0.8960165 0.0058554 0.09110232 0 1015 49.83915 436.4272 1381.217 58.81732 -0.07181552 -0.9598622 0.2245645 -0.4030542 0.2369637 0.8839641 2.557189 25.59619 -5.691344 435.7915 1384.147 57.89212 -0.8972088 -0.296762 -0.3270315
-3.236028 -0.003507444 0.3846342 0.0054884 -0.01059209 0 1015 49.83915 436.2788 1382.782 58.33352 0.1455871 -0.9245914 0.3165168 -0.403761 0.2387562 0.8831577 -0.3361871 21.54315 -5.946311 435.9464 1384.198 57.94865 -0.8969952 -0.2974063 -0.3270327
-4.488449 -0.003004854 0.07736337 0.0055836 -0.1024985 0 1015 49.83915 436.0406 1386.099 57.31601 -0.02292476 -0.9543717 0.2529002 -0.4055189 0.2432319 0.8811271 -0.9497119 -5.450666 1.111463 436.3371 1384.328 58.09121 -0.8964512 -0.2990616 -0.3270156
0.9607703 -0.006025915 0.354349 0.0062608 -0.1768037 0 1015 49.83915 436.1223 1387.206 57.03374 -0.3027715 -0.9317258 0.1211677 -0.4068327 0.2465908 0.8795879 -7.39661 -31.47689 5.423504 436.6341 1384.427 58.19961 -0.896032 -0.3003494 -0.3269835
4.075959 -0.008706846 0.9745126 0.0054666 -0.2526993 0 1015 49.83915 434.9452 1385.424 57.02922 -0.6828936 -0.7010568 -0.1262569 -0.4004119 0.2303073 0.8869239 -24.28475 -39.08044 -0.4557378 435.2228 1383.96 57.6848 -0.8979822 -0.2944575 -0.326989
7.365293 0 1 0.0152971 -0.1412175 0 1015 49.83915 430.8179 1382.945 55.86486 -0.8741527 -0.3492739 -0.2958019 -0.3784038 0.1777128 0.9084195 -32.44381 -20.29531 -9.263762 431.0232 1382.623 56.16326 -0.903269 -0.2803652 -0.3248097
10.18933 0 0.04582266 0.0025966 -0.0148454 0 1015 49.83915 423.8619 1380.89 53.45325 -0.9113786 -0.2283103 -0.3009717 -0.3303359 0.07873199 0.9405726 -33.32535 -10.12356 -11.18101 423.9519 1380.496 53.66777 -0.910831 -0.2685326 -0.3134927
12.78872 0 0.5457492 0.0102471 -0.001471947 0 1015 49.83915 414.3174 1378.626 50.43987 -0.9301353 -0.2149374 -0.2475418 -0.2450177 -0.05451304 0.967984 -29.06045 -6.927532 -8.436164 414.7509 1377.779 50.65184 -0.9183357 -0.2772612 -0.2824646
14.82147 0 0.9713074 0.0053551 -0.0001590304 0 1015 49.83915 403.0641 1376.011 47.68988 -0.9473719 -0.2240805 -0.157126 -0.1272758 -0.1494603 0.9805419 -28.00198 -6.549193 -5.651666 403.8519 1374.236 47.67141 -0.9194466 -0.3304051 -0.2131847
16.61778 0 1 0.0043812 0.08346064 0 1015 49.83915 390.2279 1372.094 45.95078 -0.9001034 -0.4014478 -0.03430322 0.01670789 -0.122257 0.9923556 -24.16093 -8.681613 -1.96378 391.9216 1369.137 45.70803 -0.8854257 -0.459286 -0.07116301
18.08758 0 1 0.0087254 0.05967244 0 1015 49.83915 377.0532 1364.608 46.65851 -0.7916985 -0.5726392 0.1327019 0.1746464 -0.01330117 0.9845416 -22.6683 -14.3302 2.338911 379.3098 1361.432 46.36537 -0.8366089 -0.5241645 0.1591956
19.45251 0 1 0.0054051 0.006089576 0 1015 49.83915 364.6531 1354.678 50.99976 -0.7157444 -0.6100661 0.2963111 0.3464134 0.04859456 0.9368173 -19.24603 -15.78468 6.515889 365.8191 1353.043 50.80424 -0.7902033 -0.4946567 0.3617902
20.59065 0 0.1967785 0.009968 0.0006226034 0 1015 49.83915 352.4297 1343.852 58.12559 -0.6682301 -0.6115379 0.3886905 0.5215443 -0.02787785 0.8527691 -18.46429 -16.59434 9.999328 352.5813 1344.427 58.20617 -0.728132 -0.5020998 0.4666063
21.60239 0.006308505 0.5535606 0.0048369 0.04236182 0 1015 49.83915 339.5066 1333.914 66.7472 -0.720928 -0.4922521 0.457501 0.5957956 -0.1370896 0.7913492 -15.49085 -11.01005 9.818181 339.4827 1334.459 67.01037 -0.6779415 -0.578827 0.4531665
22.28561 0.008144873 0.8673545 0.005228 0.2580359 0 1015 49.83915 326.1177 1322.68 74.90195 -0.628915 -0.7199631 0.239755 0.5475644 -0.2084526 0.8103827 -14.45335 -13.95537 6.781535 326.9302 1322.038 74.33894 -0.6287401 -0.7249967 0.2811796
23.05997 0 1 0.0092279 0.05747183 0 1015 49.83915 316.493 1305.591 76.06159 -0.3903129 -0.9028649 -0.06062879 0.4376494 -0.2472493 0.8644828 -11.43055 -23.25146 0.03489937 315.6083 1306.541 76.93053 -0.5151852 -0.8570377 -0.008348083
23.79758 0.00572715 1 0.0035244 0.1652962 0 1015 49.83915 308.8787 1287.231 73.39288 -0.3264794 -0.9117234 -0.1825213 0.3293044 -0.2973317 0.8961869 -8.493457 -21.0553 -3.365555 306.3983 1288.193 74.7736 -0.3879727 -0.9053015 -0.1729428
16.63306 -0.009353987 0.01784318 0.0057563 -0.1690801 -0.02026169 1015 49.83915 304.0799 1269.517 69.62627 -0.2385414 -0.9308522 -0.2174848 0.1772232 -0.2667505 0.9473315 -2.449274 -10.634 -2.561233 299.677 1270.976 71.01107 -0.3335244 -0.9185771 -0.2120793
17.79949 0 0.3559039 0.0056831 -0.01940186 0 1015 49.83915 298.8484 1255.825 67.31418 -0.3926685 -0.8888943 -0.1613059 0.04622633 -0.1980939 0.9790893 -9.705267 -23.43474 -4.517344 294.837 1257.278 67.94769 -0.322764 -0.9264215 -0.1938197
19.21371 0 0.7659671 0.0049475 -0.00202717 0 1015 49.83915 292.3288 1241.473 65.18501 -0.4089494 -0.8893089 -0.1088108 -0.05327962 -0.09710103 0.9938489 -10.88664 -23.89439 -3.453402 289.6671 1242.591 65.30154 -0.3359551 -0.9323083 -0.1339162
20.42836 0 0.1343633 0.008656399 0.2070034 0 1015 49.83915 285.9093 1225.424 63.97813 -0.2122053 -0.9616514 0.01005156 -0.08537915 0.02925016 0.9959194 -8.056728 -24.08278 -0.7975382 283.6326 1226.668 63.89639 -0.3738019 -0.9272528 -0.02176298
10.69759 -0.02385728 0.02709109 0.0146814 -0.2296121 -0.06479698 1015 49.83915 282.4194 1212.231 64.74095 -0.2610281 -0.9442809 0.1004227 -0.05991586 0.121925 0.9907292 -2.752936 -11.61563 1.207664 278.3367 1214.332 64.38554 -0.4159552 -0.904076 0.09801182
12.44799 0 0.3973092 0.0059256 -0.03185506 0 1015 49.83915 278.1679 1203.517 66.13304 -0.5012011 -0.834828 0.1473265 -0.02186381 0.1864634 0.9822179 -13.79915 -25.8227 3.885492 274.1083 1205.677 65.78263 -0.4487861 -0.8751082 0.1810476
14.5493 0 0.8660823 0.0048514 -0.2222865 0 1015 49.83915 271.1621 1194.378 68.35816 -0.7325242 -0.6340328 0.1769803 0.03153979 0.234752 0.9715438 -19.19305 -22.29285 5.243045 268.8206 1195.773 68.24693 -0.4685333 -0.8494673 0.242654
16.38199 0 1 0.0048701 -0.02342234 0 1015 49.83915 260.1355 1187.311 71.22821 -0.8425326 -0.4613965 0.2171833 0.1163799 0.2410195 0.9635152 -19.88844 -11.92574 4.839661 263.179 1185.77 71.39638 -0.477214 -0.8320004 0.2829187
8.140262 0 0.08992916 0.0056613 0.2456128 0 1015 49.83915 255.3271 1181.43 73.82312 -0.553473 -0.7623295 0.2866236 0.18434 0.2258185 0.9565694 -13.44436 -14.95402 6.01007 259.359 1179.156 73.73316 -0.4786622 -0.8247976 0.300985
10.47221 -0.009490974 0.08217436 0.0058406 -0.1131366 0 1015 49.83915 251.8331 1174.592 76.58936 -0.4069748 -0.8483644 0.2901253 0.2498785 0.2038416 0.9465778 -12.30601 -25.24522 8.545641 255.4716 1172.47 76.2359 -0.4772913 -0.82082 0.3137635
9.752739 0.03157245 0.00829069 0.0194292 0.1364733 0.06136955 1015 49.83915 247.0263 1167.034 80.01015 -0.5683082 -0.7329164 0.3306076 0.3172399 0.1744912 0.932155 -5.668174 -7.052775 3.242211 251.0319 1164.809 79.21357 -0.4724728 -0.8202171 0.3225112
11.54327 -0.0091637 0.2742929 0.0056392 -0.05166236 0 1015 49.83915 242.6867 1159.688 83.32026 -0.4379547 -0.8261204 0.3083587 0.3750605 0.1430368 0.915898 -12.54379 -22.67909 8.623628 246.666 1157.155 82.23672 -0.464109 -0.8238571 0.3253652
9.570818 0.007337851 0.00714174 0.0045156 0.04186592 0.03608597 1015 49.83915 238.5075 1151.968 86.60754 -0.4944436 -0.7850257 0.3293972 0.4203201 0.1130331 0.9003065 -4.089732 -6.44911 2.718281 242.3884 1149.431 85.26453 -0.4515507 -0.832065 0.3221338
8.484797 0.008683349 0.169695 0.0053436 -0.004100741 0.07047157 1015 49.83915 235.0528 1145.336 89.27146 -0.4777477 -0.7985699 0.3214832 0.4438735 0.09323474 0.8912255 -2.495653 -4.176694 1.680525 238.9024 1142.868 87.76247 -0.4369172 -0.8429083 0.3140217
7.693287 -0.01631361 0.3430957 0.0197265 -0.08398166 0.1270195 1015 49.83915 232.0121 1139.149 91.54864 -0.4724083 -0.804714 0.3140657 0.45242 0.0810228 0.8881173 0 0 0 235.9254 1136.973 89.90377 -0.4197337 -0.8560431 0.3016832
7.020144 0.006999199 0.5123857 0.0043072 0.02599534 0.1000004 1015 49.83915 229.436 1133.586 93.44866 -0.4616438 -0.8156262 0.3017196 0.4553589 0.07057694 0.8875063 -1.446263 -2.551192 0.9455636 233.2616 1131.359 91.813 -0.3987272 -0.8718501 0.2844224
7.012436 -0.009174099 0.6959072 0.0056456 -0.02901299 0 1015 49.83915 226.9709 1128.27 95.20911 -0.4271346 -0.8430817 0.2760153 0.4577351 0.05854122 0.887159 -9.463747 -18.37327 6.135203 230.969 1126.142 93.43684 -0.3737801 -0.8896834 0.2622009
7.284946 0.0091637 0.9082725 0.0056392 0.24499 0 1015 49.83915 225.0466 1122.949 96.6263 -0.2215488 -0.9457613 0.1608962 0.4612921 0.04270715 0.8862201 -7.839132 -23.31862 5.29396 228.9516 1121.089 94.8334 -0.3428913 -0.9099547 0.2332589
8.493759 -0.01460859 1 0.008989899 -0.02805659 0 1015 49.83915 225.3536 1116.272 96.82765 0.1551016 -0.9703992 -0.06105956 0.4682221 0.01925183 0.8834006 3.873197 -37.53595 -0.8810695 227.0628 1115.691 96.08467 -0.2997926 -0.9345889 0.1914759
11.1954 0 0.2391424 0.0060289 -0.02501605 0 1015 49.83915 225.825 1107.794 96.67253 -0.008909361 -0.9843373 -0.02090647 0.4870466 -0.02295168 0.8730748 1.296271 -35.86265 -0.8564141 225.0047 1108.155 97.28973 -0.2136037 -0.9711623 0.1059712
13.51684 0 0.757617 0.0079887 -0.002534569 0 1015 49.83915 225.4183 1096.958 96.13732 -0.05512045 -0.9814267 -0.05577726 0.5320116 -0.07779858 0.8431554 -1.422802 -36.28285 -1.60503 223.5501 1097.163 97.48377 -0.06129695 -0.9956043 -0.07080746
15.62678 0 1 0.0022896 -0.0002723118 0 1015 49.83915 224.5698 1084.533 94.55616 -0.07612216 -0.9780433 -0.08298692 0.5854065 -0.1136746 0.8027319 -2.156846 -30.74073 -2.320053 223.7612 1084.323 95.26182 0.09737077 -0.9596728 -0.2637269
17.33695 0.02198828 1 0.0222539 0.2723154 0 1015 49.83915 224.9785 1070.426 91.27126 0.2215791 -0.9029266 -0.3237999 0.622816 -0.1241704 0.7724516 3.011227 -31.33698 -7.331045 226.2303 1071.854 90.63911 0.2636801 -0.8760113 -0.40382
18.9442 0 1 0.0066243 0.03359904 0 1015 49.83915 230.7929 1057.705 84.04963 0.4352633 -0.7597106 -0.450166 0.6154371 -0.1098741 0.7804891 11.65911 -24.36445 -13.01576 231.7375 1058.77 83.60326 0.4231672 -0.7772194 -0.4656853
20.32862 0 0.1025797 0.0057607 0.003517684 0 1015 49.83915 238.8524 1044.817 76.29182 0.499957 -0.7482932 -0.3990906 0.5445297 -0.08140107 0.8347812 14.44964 -22.76566 -12.71389 240.0108 1046.3 75.82995 0.5510146 -0.7073156 -0.4428183
21.61028 0.008881763 0.5495012 0.0054657 0.144482 0 1015 49.83915 248.5877 1031.082 69.49298 0.5834319 -0.7190306 -0.334237 0.4610739 -0.03798426 0.8865479 15.32527 -21.00996 -9.87643 250.8185 1034.022 68.60894 0.6514883 -0.6704983 -0.3549595
22.67875 0 0.97027 0.0062108 0.03297086 0 1015 49.83915 262.3911 1019.445 63.42952 0.7724274 -0.5225943 -0.3152103 0.3923974 0.02541187 0.9194446 20.55618 -15.77473 -9.31487 263.8342 1021.827 62.89837 0.7387854 -0.6128381 -0.2804035
23.64433 0 1 0.0071654 0.1172306 0 1015 49.83915 278.7955 1009.517 57.59945 0.849271 -0.3970217 -0.3002972 0.3719029 0.09728456 0.9231597 21.8119 -12.27874 -7.904835 279.048 1010.437 57.55087 0.7955168 -0.5465899 -0.2615191
24.42675 -0.006688961 1 0.0055032 -0.1696341 0 1015 49.83915 296.9404 1002.396 51.31994 0.8636571 -0.3832146 -0.2761804 0.3603767 0.1484912 0.9209118 22.4962 -8.926107 -7.602275 295.4611 999.8707 52.45601 0.8289942 -0.503463 -0.2435027
25.12148 0.00876655 1 0.0053948 -0.01169365 0 1015 49.83915 314.4134 990.979 46.68683 0.7703221 -0.5886936 -0.1705018 0.3367033 0.172484 0.9256784 20.13715 -14.26972 -4.923007 313.5053 989.4572 47.45074 0.8539993 -0.4699455 -0.2232407
25.74233 0 1 0.0062896 0.02923563 0 1015 49.83915 333.0414 979.7352 42.45406 0.8631359 -0.4310321 -0.1953971 0.2855445 0.142155 0.947764 22.22292 -12.1791 -5.145006 332.6242 979.3899 42.78156 0.87516 -0.4414269 -0.198084
26.35001 0 1 0.0063918 0.00300256 0 1015 49.83915 353.0422 970.31 38.38393 0.8844633 -0.4025705 -0.1565699 0.2160403 0.09677801 0.9715766 22.36284 -10.41059 -4.338124 352.5317 969.774 38.70085 0.8957962 -0.4137315 -0.1624049
26.82094 0 1 0.007052 0.0003129621 0 1015 49.83915 373.7579 961.0933 35.34921 0.8999858 -0.3909554 -0.07763838 0.1440418 0.1369627 0.9800475 23.57955 -10.39552 -2.726785 373.2751 960.7034 35.62457 0.9256167 -0.3649579 -0.1002496
27.27607 0 1 0.0072366 0.02663429 0 1015 49.83915 395.9515 954.0044 34.07562 0.9571 -0.2284035 -0.02532234 0.06463638 0.1616786 0.9847248 24.197 -6.717527 -1.119453 395.6445 954.1754 34.21776 0.9790319 -0.202663 -0.02061165
27.66849 0 1 0.006077 0.002739801 0 1015 49.83915 419.1189 948.9911 34.44307 0.9630003 -0.1982286 0.03993331 -0.03924855 0.01061354 0.9991727 25.04577 -5.311505 0.5596458 419.0163 950.5138 34.57287 0.9909049 -0.1260467 0.04711399
28.02643 0 1 0.0074042 0.0002849778 0 1015 49.83915 442.5263 944.1653 35.42089 0.958021 -0.2015174 0.09435692 -0.1420461 -0.22381 0.964228 24.57319 -5.102377 1.972093 442.6248 947.1844 36.28576 0.9801278 -0.1759779 0.09154312
28.31516 0 1 0.0069522 -0.1364405 0 1015 49.83915 465.9815 938.3341 37.67775 0.9139013 -0.3419372 0.1221222 -0.2459293 -0.3320693 0.9106311 23.26574 -6.747915 3.134453 466.4256 940.6725 38.80001 0.9231663 -0.3700262 0.1041289
28.54528 -0.01132365 1 0.0069684 -0.0902664 0 1015 49.83915 487.7479 927.6981 40.94692 0.8407029 -0.4865885 0.1531662 -0.3330099 -0.2932689 0.8961573 21.12651 -11.07048 3.431971 487.9765 928.7905 41.53991 0.8194755 -0.5574502 0.1330782
28.70548 0 1 0.0064022 -0.02570058 0 1015 49.83915 507.0777 912.5588 44.77949 0.7154611 -0.659463 0.1422128 -0.3826567 -0.2217368 0.8968871 17.63501 -15.1084 3.296874 507.4207 913.5753 45.32752 0.7410572 -0.6510242 0.1643209
28.88586 0 1 0.0122822 -0.00256323 0 1015 49.83915 524.9935 895.2802 49.01197 0.690673 -0.6815224 0.159634 -0.3716309 -0.1625222 0.9140466 17.67043 -17.22739 3.974617 525.3067 896.5851 49.52177 0.6937199 -0.7006941 0.166674
29.08194 -0.01437621 1 0.0088469 -0.09277283 0 1015 49.83915 542.3614 878.0859 53.31858 0.6787891 -0.6964964 0.1420384 -0.229802 -0.02555238 0.9729058 18.67438 -18.54896 4.090219 542.3849 878.7594 53.49189 0.6770966 -0.7209211 0.1476922
29.40459 0.008924499 1 0.005492 0.01269243 0 1015 49.83915 558.3517 858.9475 56.28952 0.6016873 -0.770184 0.104329 -0.2279244 -0.04631512 0.9725776 16.68078 -20.60492 3.073041 559.5405 860.5451 56.79403 0.6864352 -0.7186455 0.1111497
29.58758 -0.0130728 1 0.0080448 -0.0773387 0 1015 49.83915 575.707 840.7347 58.8717 0.6975943 -0.678795 0.1343739 -0.3349865 -0.160466 0.928463 17.83212 -17.62802 3.403993 576.1323 841.6538 59.33403 0.6216452 -0.7777063 0.09343807
29.79972 0 1 0.0078543 -0.1341257 0 1015 49.83915 592.3766 821.3083 61.48677 0.5244247 -0.8259476 0.07390447 -0.08469255 0.03532623 0.9957784 16.79787 -21.68115 2.454042 591.6205 821.2607 61.57413 0.5909144 -0.8026524 0.0810518
29.93496 0 1 0.0063731 0.04750419 0 1015 49.83915 605.3365 799.5418 64.12643 0.5489125 -0.8060169 0.09416728 0.2595973 0.2846053 0.9228311 12.60199 -19.84767 2.311414 606.6661 800.8988 63.48447 0.6005397 -0.7965767 0.06940818
29.97137 0 1 0.0308796 0.1148789 0 1015 49.83915 620.9341 779.2117 66.35111 0.6754565 -0.708904 0.02601895 0.3539903 0.3688328 0.8594494 19.86374 -23.93498 1.850089 621.7381 781.8659 65.03047 0.6442491 -0.7626588 0.05740225
30.12903 0 0.3094256 0.0076476 0.01180736 0 1015 49.83915 640.1283 761.7855 66.48243 0.7515494 -0.62798 0.01638183 0.3078801 0.3910882 0.8673292 18.08112 -15.82294 0.3092766 640.1414 762.3723 66.36305 0.7335576 -0.6783853 0.04105929
30.14575 0.01514783 0.6743634 0.0181411 0.1172553 0 1015 49.83915 660.9198 745.2682 67.50658 0.7997635 -0.5647269 0.03021643 0.2655823 0.4224842 0.866587 21.63736 -16.63444 1.049894 660.5782 746.4169 67.20138 0.8256025 -0.5636018 0.02708347
30.23539 0 1 0.0067603 0.01348575 0 1015 49.83915 682.4686 732.3444 67.88178 0.8588645 -0.4708613 0.009582425 0.2367408 0.4493525 0.8614152 20.61896 -11.86809 0.238524 682.3542 732.8508 67.7991 0.8701354 -0.49248 0.01810505
30.21182 0.02881139 1 0.0263449 0.06201777 0 1015 49.83915 705.893 719.9885 68.40751 0.8771038 -0.4355794 0.02017692 0.2169325 0.476297 0.8521041 23.69282 -12.28077 0.5998654 704.9875 721.2854 68.06324 0.9093342 -0.4160643 0.001355714
30.28005 0 1 0.0057082 0.02842742 0 1015 49.83915 729.6964 711.3135 67.65083 0.9395341 -0.2710281 -0.05714992 0.1949671 0.4976459 0.8451843 23.28762 -7.572684 -1.144449 729.434 711.4501 67.78102 0.9441935 -0.3285024 -0.0241823
30.37211 0 1 0.0074526 0.002848728 0 1015 49.83915 755.1774 704.5568 66.15874 0.9489763 -0.2376136 -0.04927278 0.1726664 0.515554 0.8392797 24.56818 -6.366519 -1.376014 754.6921 704.0555 66.71654 0.9712456 -0.2309056 -0.05800402
30.61188 0 1 0.006239 0.06636897 0 1015 49.83915 780.6449 699.0132 64.71086 0.9659539 -0.1381375 -0.0853986 0.1492506 0.5260689 0.837243 26.48483 -5.076931 -1.795337 780.3749 699.3943 64.66953 0.9875733 -0.1203855 -0.1009818
30.79712 0 1 0.0072707 0.09263378 0 1015 49.83915 806.7819 696.7221 61.90472 0.969355 -0.005425207 -0.1404267 0.12588 0.5129468 0.8491234 26.69981 -1.661168 -3.159756 806.2273 698.3239 61.16874 0.9866642 0.02731225 -0.1604611
31.02537 0 1 0.0073548 0.05748532 0 1015 49.83915 832.6044 698.7711 57.14545 0.9425738 0.1635435 -0.2101138 0.1132775 0.4710448 0.8748055 26.71454 3.029866 -5.278105 831.9059 700.3147 56.55461 0.9753441 0.116256 -0.1875865
31.25014 0 1 0.0106493 0.005826343 0 1015 49.83915 858.2328 704.223 51.19998 0.9316811 0.218264 -0.2075753 0.1287982 0.3371638 0.932623 27.84687 6.094911 -6.299498 857.717 704.1031 51.46458 0.9678761 0.1623428 -0.1919912
31.51106 0 1 0.0076194 -0.03005957 0 1015 49.83915 884.136 709.2623 46.20755 0.9549024 0.1286359 -0.1690094 0.1677631 0.04832401 0.9846408 27.66822 4.663283 -5.241813 883.851 708.7199 46.43275 0.9686397 0.1739203 -0.1774515
31.72289 0.01371256 1 0.008438501 0.1294402 0 1015 49.83915 910.6176 712.4726 41.67541 0.9560902 0.1541432 -0.134495 0.1657147 -0.1822086 0.9691955 28.11821 3.580341 -4.495412 910.0901 713.2036 42.05294 0.9777539 0.1527625 -0.143738
31.96164 0 1 0.008772001 -0.02559487 0 1015 49.83915 937.3295 717.4926 38.79118 0.9632738 0.1409672 -0.09046526 0.1199299 -0.1947872 0.9734861 28.51696 4.841125 -3.014668 936.9339 716.7033 38.83206 0.9898167 0.1064898 -0.09446005
32.15529 0.01199607 1 0.0073822 0.109978 0 1015 49.83915 964.5784 718.7549 36.42538 0.9747402 0.0221076 -0.07114212 0.07436175 -0.07989476 0.9940258 29.92646 0.7502255 -2.582449 964.1285 719.3798 36.65926 0.9936697 0.09133721 -0.06540739
32.45379 0 1 0.0117749 0.01471276 0 1015 49.83915 992.3851 721.9531 34.98253 0.9641925 0.1519011 -0.04835586 0.03633794 0.08628436 0.9956074 30.8959 4.026529 -1.716372 991.7444 721.8762 35.16258 0.9949021 0.09092821 -0.04361119
32.70671 -0.01197202 1 0.0073674 -0.09972144 0 1015 49.83915 1019.477 726.4362 33.6036 0.96608 0.1414295 -0.03676056 0.005139136 0.2185311 0.9758162 28.75691 4.67843 -1.311983 1019.278 724.5533 34.17625 0.9940639 0.1049249 -0.02877279
32.87499 0 1 0.0078884 0.09947967 0 1015 49.83915 1047.758 727.1309 33.57816 0.9761966 0.03981974 0.006702411 -0.01793067 0.2779177 0.9604375 29.45025 0.4967198 0.2021538 1047.21 727.8804 33.50105 0.9907488 0.1341754 -0.02034232
33.00365 0 1 0.0075029 0.07501633 0 1015 49.83915 1075.325 731.337 33.11644 0.9385396 0.2673792 -0.04726117 -0.03638699 0.2964146 0.954366 28.63546 5.722605 -0.8666921 1074.736 732.2057 32.97416 0.9836765 0.178982 -0.01860048
33.09248 0 1 0.0075811 -0.019555 0 1015 49.83915 1102.823 738.665 32.13188 0.9530855 0.2146174 -0.01208005 -0.05432174 0.294931 0.9539732 27.09608 6.581081 -0.6743422 1102.503 738.2087 32.40471 0.9687262 0.2472406 -0.02102115
33.09751 0 1 0.0064502 0.05483284 0 1015 49.83915 1130.028 746.0606 31.70159 0.915623 0.3393856 -0.03187178 -0.06355415 0.2618974 0.9630011 25.49694 7.986248 -0.6434183 1129.665 746.0076 31.84208 0.9539018 0.2995971 -0.01769137
33.07321 0.01337651 1 0.0082317 0.1128523 0 1015 49.83915 1156.708 755.0403 31.30299 0.9264479 0.3092881 -0.007145221 -0.03073955 0.1150157 0.992888 25.75536 8.214288 -0.2812954 1156.294 754.8157 31.4662 0.9460596 0.3238932 -0.008027433
32.95425 0 1 0.007941999 -0.09460511 0 1015 49.83915 1183.432 765.6145 31.46522 0.9288396 0.30064 0.009224904 0.02436978 -0.1057943 0.9940892 24.47787 9.271657 0.1436409 1183.457 764.1489 31.45864 0.9469607 0.3212306 0.008732149
32.84569 0 1 0.0092338 0.06665062 0 1015 49.83915 1210.327 772.9642 31.90315 0.9335983 0.2832367 0.03432454 0.03067509 -0.2192892 0.9751776 24.85963 6.903041 0.5179945 1209.859 772.7096 32.0106 0.9563263 0.2905048 0.03235755
32.6463 0 1 0.0059594 -0.01381189 0 1015 49.83915 1237.168 781.419 33.60151 0.9356523 0.2696535 0.06927506 0.01056402 -0.2830391 0.9590501 23.10005 6.974848 1.53679 1237.135 780.1032 33.36371 0.9732189 0.2217413 0.06062549
32.48347 0 1 0.0062069 -0.06965834 0 1015 49.83915 1264.203 786.4692 35.13877 0.9742288 0.05469373 0.02831009 -0.01282077 -0.2699767 0.9627805 25.55501 3.199007 1.08619 1264.093 784.4837 34.73047 0.9930519 0.1091228 0.04405214
32.16171 0.00872885 1 0.0053716 0.0304538 0 1015 49.83915 1291.947 786.7779 35.94836 0.9741931 -0.008124183 0.05664404 -0.05847723 -0.06797705 0.9959716 20.56417 -0.01981412 0.9540122 1291.647 786.7275 36.07732 0.9961178 0.06544723 0.05887221
31.53183 0 1 0.0050252 0.01708884 0 1015 49.83915 1318.969 788.8314 38.12704 0.9618877 0.1211179 0.1087701 -0.1283591 0.1373577 0.9821686 19.31647 2.108892 1.928826 1318.691 788.7484 38.25224 0.9896616 0.09574103 0.1067894
30.89834 0 1 0.0059138 0.001764952 0 1015 49.83915 1345.236 792.6313 42.02785 0.9431456 0.1515065 0.1980875 -0.2285315 0.1691403 0.9587309 18.6241 2.864607 3.444922 1344.914 792.5371 42.11769 0.9619626 0.1992212 0.1869199
30.40213 0 1 0.0213644 0.03317987 0 1015 49.83915 1369.957 799.9556 48.36692 0.8641453 0.3565777 0.2789242 -0.3409636 0.09469373 0.9352951 19.84101 7.36791 5.819182 1368.915 799.5965 48.17343 0.8906587 0.3548459 0.2842747
30.06491 0 1 0.0271054 0.04360744 0 1015 49.83915 1391.461 811.7953 57.53816 0.726918 0.5245898 0.3847654 -0.4617306 -0.01073113 0.8869554 19.00311 12.35813 9.1141 1390.389 810.9836 57.12054 0.7531404 0.511041 0.4142678
-27.88886 0 0.05285518 0.0063524 0.002539493 0 1015 49.83915 596.4246 1689.137 41.01297 -0.589368 -0.5322861 -0.4091128 -0.5316191 -0.06068549 0.844807 0.1116454 0.0747804 0.05532249 1404.303 821.6603 65.93149 0.670294 0.569768 0.4754696
