0.0006489201 0.0008447082 0.0001000647 0.0077521 0.02852096 0 1015 49.83915 944.5912 1955.467 41.99706 -0.7838103 -0.6208921 0.00947757 -0.0171719 0.03692947 0.9991703 -0.505897 -0.4007443 0.006117137 944.5914 1955.468 42.14706 -0.7843457 -0.6203177 0.002772298
1.054339 0.0008877419 0.1962729 0.0080591 0.02951346 0 1015 49.83915 944.3198 1955.229 41.99939 -0.7398708 -0.6725991 0.01198008 -0.01730432 0.03683192 0.9991716 -15.34031 -13.26463 0.2254017 944.4083 1955.323 42.14747 -0.7845815 -0.6200194 0.002629796
2.743955 0.0009578939 0.556412 0.0066969 0.02922004 0 1015 49.83915 943.1341 1954.062 42.0089 -0.6920484 -0.7216716 0.01343069 -0.01828222 0.03612703 0.99918 -17.52077 -17.01299 0.3106154 943.0356 1954.242 42.15059 -0.7862864 -0.6178598 0.001771251
4.460106 0.001079516 0.9163545 0.0068117 0.03308589 0 1015 49.83915 941.0358 1951.693 42.0377 -0.6370926 -0.7705998 0.01450808 -0.019834 0.03520935 0.9991832 -15.66885 -17.44788 0.3263988 940.6022 1952.337 42.15637 -0.7887301 -0.6147366 0.001918173
6.04431 0.001148716 1 0.0062315 0.03540035 0 1015 49.83915 938.2203 1947.967 42.0965 -0.5714668 -0.8204269 0.01593968 -0.02166658 0.03450421 0.9991696 -13.63187 -17.85985 0.3416226 937.0538 1949.586 42.16528 -0.7918493 -0.6107132 0.002046814
7.496227 0.001212244 1 0.0064038 0.04040255 0 1015 49.83915 935.0695 1942.968 42.19318 -0.495803 -0.8681977 0.0182756 -0.02290921 0.03411506 0.9991553 -10.72481 -16.97224 0.3440101 932.6782 1946.231 42.17694 -0.7950739 -0.6065086 0.002180607
5.523807 0.001126465 1 0.0255443 -0.08295726 0 1015 49.83915 931.4253 1939.496 42.21996 -0.7483134 -0.6632529 0.005207275 -0.02206848 0.03274368 0.9992183 -11.21964 -11.59989 0.1355126 928.8452 1943.319 42.18768 -0.7974769 -0.6033452 0.002279845
6.80498 0.00118225 1 0.004774 0.02670087 0 1015 49.83915 927.3137 1936.05 42.23089 -0.7596918 -0.6501614 0.004643901 -0.02029927 0.03085683 0.9993176 -15.01222 -12.86326 0.09162792 924.4282 1939.992 42.20057 -0.7998682 -0.6001711 0.002378531
5.761276 0.001137329 1 0.0087628 -0.01460715 0 1015 49.83915 922.902 1932.896 42.23546 -0.7609135 -0.648731 0.004728542 -0.01959275 0.03026502 0.9993499 -3.646432 -3.123302 0.02306302 920.1257 1936.775 42.21358 -0.8018703 -0.5974929 0.002460887
5.373919 0.00112039 1 0.0048838 -0.01081415 0 1015 49.83915 918.9504 1929.955 42.24289 -0.7634699 -0.6457193 0.004694197 -0.01882473 0.02952279 0.9993868 -4.046377 -3.437422 0.02528906 916.147 1933.819 42.22595 -0.803499 -0.5953007 0.002527629
5.065937 0.00110692 1 0.0102853 -0.01132646 0 1015 49.83915 915.1676 1927.167 42.25008 -0.7645111 -0.6444822 0.004718614 -0.01813564 0.02883055 0.9994198 -4.335466 -3.672238 0.02723449 912.4124 1931.058 42.23782 -0.8048475 -0.5934759 0.00258333
4.810204 0.001095813 1 0.009634401 -0.01748791 0 1015 49.83915 911.5791 1924.549 42.25691 -0.7636706 -0.6454877 0.004824478 -0.01752291 0.02820124 0.9994487 -3.284609 -2.788441 0.02108062 908.8345 1928.426 42.2494 -0.8060018 -0.5919072 0.002630681
4.659043 -0.004756578 1 0.0037409 0.01188638 -0.04391584 1015 49.83915 908.1897 1922.104 42.26315 -0.7609086 -0.6487433 0.0050073 -0.01696726 0.02761525 0.9994746 -0.2361259 -0.2013186 0.001553669 905.4305 1925.931 42.26059 -0.8070174 -0.5905215 0.002670781
4.817067 0.001095706 1 0.0113564 0.01305523 0 1015 49.83915 904.8685 1919.513 42.27524 -0.7638431 -0.6452914 0.00489978 -0.01646494 0.02707916 0.9994977 -10.32513 -8.686349 0.06514954 902.089 1923.489 42.27172 -0.807924 -0.5892805 0.002707874
4.63921 0.001088061 1 0.0102851 0.005881398 0 1015 49.83915 901.5655 1917.156 42.28171 -0.7672202 -0.6412772 0.004768127 -0.01599393 0.02656682 0.9995191 -8.212391 -6.87306 0.05122417 898.8033 1921.096 42.28279 -0.8087062 -0.5882063 0.002739752
4.496074 0.001081948 1 0.0037379 -0.004430742 0 1015 49.83915 898.337 1914.858 42.28826 -0.7668399 -0.6417368 0.004810493 -0.01554183 0.02606422 0.9995394 -5.740545 -4.827553 0.03660921 895.5596 1918.74 42.29384 -0.8094583 -0.5871708 0.002768769
4.38585 0.001077281 1 0.0074584 -0.01898109 0 1015 49.83915 895.0856 1912.543 42.2953 -0.7670325 -0.6415087 0.004819176 -0.01511259 0.0255786 0.9995586 -3.186554 -2.677922 0.02034608 892.3541 1916.418 42.30485 -0.8101125 -0.5862678 0.002794805
4.659172 0.001088798 1 0.0038965 0.01661322 0 1015 49.83915 891.9814 1910.157 42.30674 -0.764651 -0.6443369 0.004938617 -0.01471152 0.02511994 0.9995762 -10.47969 -8.763627 0.0659631 889.1656 1914.113 42.3159 -0.8107231 -0.585423 0.002819169
4.483323 0.001081176 1 0.0027478 0.003501278 0 1015 49.83915 888.8105 1907.919 42.31365 -0.7684886 -0.6397529 0.004775338 -0.0143157 0.02465773 0.9995934 -9.467592 -7.905995 0.05942376 886.014 1911.84 42.32689 -0.8112801 -0.5846509 0.002839882
4.397717 0.001077613 1 0.0076671 -0.001668741 0 1015 49.83915 885.5818 1905.642 42.32094 -0.769704 -0.6382952 0.004726849 -0.01392643 0.02419606 0.9996102 -6.396949 -5.327156 0.03982321 882.8407 1909.555 42.33804 -0.8117883 -0.5839449 0.002859503
4.309772 0.001073925 1 0.0100783 -0.01684339 0 1015 49.83915 882.3962 1903.394 42.32824 -0.7675011 -0.6409469 0.004818062 -0.01353133 0.02371737 0.9996271 -3.690956 -3.098201 0.02354949 879.6926 1907.292 42.34916 -0.8122652 -0.5832812 0.002877358
4.588376 0.001085695 1 0.0035853 0.01724872 0 1015 49.83915 879.3908 1901.099 42.33902 -0.7664847 -0.642161 0.004848336 -0.01311835 0.02320544 0.9996446 -10.60951 -8.822684 0.06561552 876.5853 1905.063 42.36019 -0.8126867 -0.5826938 0.002892504
4.451818 0.001079804 1 0.0105801 0.007606774 0 1015 49.83915 876.2082 1898.867 42.3459 -0.7697152 -0.6382861 0.004700188 -0.01268489 0.0226581 0.9996628 -9.360249 -7.767087 0.05731415 873.4721 1902.832 42.3713 -0.8130869 -0.582135 0.002906938
4.339815 0.001075112 1 0.0048944 -0.004746558 0 1015 49.83915 873.0877 1896.692 42.35223 -0.7721314 -0.6353567 0.004583242 -0.01222954 0.02207357 0.9996815 -5.922202 -4.89814 0.03572797 870.3444 1900.594 42.3825 -0.8134432 -0.5816371 0.002920724
4.3008 0.001073591 1 0.0105954 -0.0212124 0 1015 49.83915 869.8533 1894.424 42.35942 -0.7688353 -0.6393369 0.004685097 -0.01178004 0.02149196 0.9996996 -2.695494 -2.250346 0.01662093 867.1675 1898.324 42.39393 -0.8137838 -0.5811603 0.002931897
4.545931 0.001083842 1 0.0079286 0.01441811 0 1015 49.83915 866.837 1892.134 42.36946 -0.7689724 -0.6391792 0.004645885 -0.01130461 0.02086662 0.9997184 -10.59815 -8.765216 0.06321632 864.0748 1896.117 42.40509 -0.8140892 -0.5807323 0.002942374
4.431095 0.001078953 1 0.0045061 0.005543476 0 1015 49.83915 863.6826 1889.938 42.37566 -0.7719264 -0.6356025 0.004499508 -0.01079058 0.02018221 0.999738 -8.416735 -6.94601 0.04945942 860.9239 1893.87 42.4165 -0.8143724 -0.5803352 0.002951206
4.344892 0.001075344 1 0.0037736 -0.005263719 0 1015 49.83915 860.4906 1887.711 42.38172 -0.7714961 -0.6361254 0.004465471 -0.01021736 0.01940978 0.9997594 -5.66907 -4.697703 0.0333119 857.7512 1891.611 42.42801 -0.814629 -0.5799749 0.002959003
4.281849 -0.001858781 1 0.0106893 -0.02273653 0 1015 49.83915 857.3187 1885.499 42.38724 -0.7701403 -0.6377558 0.004447507 -0.009576469 0.01853651 0.9997823 -2.457443 -2.042455 0.01433773 854.6431 1889.399 42.43931 -0.8148483 -0.5796667 0.002966021
4.545556 0.001083855 1 0.0076663 0.0150886 0 1015 49.83915 854.2592 1883.177 42.3951 -0.7684809 -0.6397528 0.004419876 -0.008848317 0.01753613 0.9998071 -10.04782 -8.317864 0.0571912 851.5011 1887.164 42.45076 -0.8150665 -0.5793598 0.002971612
4.398798 0.001077518 1 0.0036686 0.006044229 0 1015 49.83915 851.1301 1881.002 42.39883 -0.7725396 -0.6348549 0.004209805 -0.008016908 0.01638561 0.9998336 -8.808018 -7.256964 0.04850971 848.3696 1884.939 42.46218 -0.815252 -0.5790987 0.002976652
4.322014 0.001074317 1 0.0113866 -0.004407924 0 1015 49.83915 847.9678 1878.805 42.40237 -0.772505 -0.6349085 0.004113603 -0.007132947 0.01515693 0.9998597 -6.140399 -5.070424 0.03315119 845.2776 1882.744 42.47348 -0.8154084 -0.5788784 0.002980238
4.258883 0.001071731 1 0.0077568 -0.0195653 0 1015 49.83915 844.8024 1876.603 42.40389 -0.7736557 -0.6335073 0.003955045 -0.005980264 0.01354566 0.9998904 -3.017979 -2.481976 0.01560871 842.1119 1880.497 42.48505 -0.8155583 -0.5786673 0.002982621
4.532784 0.001083294 1 0.008768099 0.01346086 0 1015 49.83915 841.7404 1874.295 42.40543 -0.7702512 -0.6376466 0.003860106 -0.004601303 0.01161139 0.9999221 -9.949662 -8.200363 0.04992269 838.9958 1878.286 42.49645 -0.8156857 -0.5784877 0.0029853
4.390913 0.001077206 1 0.004655 0.005201539 0 1015 49.83915 838.6451 1872.157 42.40144 -0.7730722 -0.6342549 0.003597034 -0.002831039 0.009121676 0.9999543 -8.113998 -6.67168 0.03832685 835.9002 1876.091 42.50778 -0.8157774 -0.5783585 0.002985001
4.340518 0.001075164 1 0.0107206 -0.006993397 0 1015 49.83915 835.4011 1869.901 42.38985 -0.7734727 -0.633802 0.003256135 -2.848004E-05 0.005172154 0.9999871 -5.324352 -4.383943 0.02277474 832.715 1873.834 42.51944 -0.8158799 -0.5782136 0.002985915
4.287224 -0.01522795 1 0.0101848 -0.01860005 -0.007588206 1015 49.83915 832.2747 1867.737 42.36576 -0.7697657 -0.6383806 0.002715138 0.00429301 -0.0009234277 0.999991 -1.677065 -1.393975 0.005952533 829.609 1871.633 42.5308 -0.8159364 -0.578134 0.002984923
4.538539 0.001083536 1 0.0049263 0.0143103 0 1015 49.83915 829.207 1865.419 42.32153 -0.7713072 -0.6365354 0.001885434 0.0109036 -0.0102505 0.9998873 -10.12522 -8.31849 0.02771958 826.4432 1869.39 42.54238 -0.8159975 -0.5780478 0.002982967
4.420982 0.001078511 1 0.0039569 0.006728384 0 1015 49.83915 826.0789 1863.255 42.25946 -0.7727192 -0.6348606 0.0008206931 0.01982256 -0.02283486 0.9995432 -8.235538 -6.773872 0.01083029 823.333 1867.187 42.55375 -0.8160338 -0.5779965 0.00298069
4.311245 0.001073729 1 0.0343258 -0.00585165 0 1015 49.83915 822.7902 1860.955 42.17881 -0.7735103 -0.6336654 -0.0004959911 0.03110599 -0.0387526 0.9987645 -8.089977 -6.660481 -0.00486788 820.2439 1864.999 42.56503 -0.8160465 -0.5779785 0.002977314
4.268368 0.001072077 1 0.0079353 -0.01366946 0 1015 49.83915 819.6426 1858.779 42.08982 -0.7739091 -0.6328939 -0.001939335 0.04357742 -0.05634336 0.9974603 -4.210752 -3.461663 -0.01103119 816.9594 1862.672 42.577 -0.8160493 -0.5779746 0.002973107
4.261255 -0.00563915 1 0.004284 0.006366288 -0.0380363 1015 49.83915 816.4841 1856.597 42.02071 -0.7694383 -0.6382754 -0.003786078 0.05381866 -0.07078639 0.996038 -0.5910117 -0.4902588 -0.002891023 813.8047 1860.438 42.58849 -0.8160298 -0.5780023 0.002968202
4.471552 0.001080606 1 0.0142979 0.01201011 0 1015 49.83915 813.3906 1854.265 41.95522 -0.773028 -0.6339176 -0.004251533 0.06175827 -0.08198217 0.9947184 -10.23546 -8.365975 -0.05179697 810.7098 1858.246 42.59973 -0.8160046 -0.5780379 0.00296189
4.370356 0.001076355 1 0.003694 0.002663571 0 1015 49.83915 810.2858 1852.129 41.92115 -0.7753428 -0.6311877 -0.004585694 0.06780808 -0.09051314 0.9935851 -7.320105 -5.979234 -0.04424222 807.5667 1856.019 42.61113 -0.8159522 -0.5781119 0.002955046
4.215303 0.001069729 1 0.0115768 -0.01438143 0 1015 49.83915 807.116 1849.934 41.90109 -0.7753924 -0.6311805 -0.005089466 0.07216297 -0.09665526 0.9926985 -4.776246 -3.913436 -0.03361811 804.467 1853.823 42.62234 -0.8158847 -0.5782071 0.002948261
4.537937 0.001083472 1 0.007787 0.01815934 0 1015 49.83915 804.1018 1847.672 41.87129 -0.7701433 -0.6375994 -0.006536798 0.07550918 -0.101376 0.9919785 -10.81918 -8.870258 -0.08173674 801.3739 1851.63 42.6335 -0.8158141 -0.5783067 0.002939882
4.413851 0.001078122 1 0.004997 0.008000455 0 1015 49.83915 800.9791 1845.514 41.86385 -0.7736109 -0.6334008 -0.006197318 0.07840009 -0.1054542 0.991329 -9.639984 -7.898586 -0.07699317 798.2581 1849.422 42.64471 -0.8157169 -0.5784439 0.002930884
4.338495 0.001075044 1 0.0079068 -0.004983629 0 1015 49.83915 797.8237 1843.339 41.86134 -0.7758968 -0.6306103 -0.006005293 0.08086078 -0.1089253 0.9907557 -5.912551 -4.828063 -0.04802303 795.1494 1847.217 42.65587 -0.8156033 -0.5786042 0.002921538
4.289377 -0.002470548 1 0.0078884 -0.0221914 0 1015 49.83915 794.6392 1841.135 41.86122 -0.7718928 -0.6354918 -0.007137338 0.0829743 -0.1119055 0.9902487 -2.246161 -1.855006 -0.02139348 791.9893 1844.974 42.66717 -0.8154734 -0.5787872 0.002910243
4.554138 0.001084198 1 0.009413701 0.01547374 0 1015 49.83915 791.5397 1838.793 41.84253 -0.7709957 -0.6365892 -0.007546546 0.08460004 -0.1141964 0.9898495 -10.49613 -8.61277 -0.09601797 788.8353 1842.735 42.6784 -0.8153272 -0.5789933 0.002898193
4.433683 0.001079057 1 0.0035015 0.007085399 0 1015 49.83915 788.4271 1836.638 41.85162 -0.7730041 -0.6341533 -0.00721442 0.08559068 -0.1155893 0.9896026 -8.416274 -6.912609 -0.0793531 785.7087 1840.514 42.6895 -0.8151605 -0.5792281 0.002886178
4.33415 0.001074768 1 0.019232 -0.008140571 0 1015 49.83915 785.1398 1834.335 41.86906 -0.7737027 -0.6333264 -0.007024394 0.08536553 -0.1152633 0.9896601 -7.523911 -6.195372 -0.07270453 782.5327 1838.257 42.70071 -0.8149852 -0.5794747 0.002872995
4.325564 0.001074663 1 0.0077328 -0.01891622 0 1015 49.83915 781.9478 1832.115 41.90433 -0.7711183 -0.6365023 -0.007325696 0.08318692 -0.1121769 0.9902002 -2.785705 -2.308098 -0.02752307 779.2917 1835.951 42.71211 -0.8147786 -0.5797651 0.002857849
4.613564 0.001086784 1 0.0109326 0.01760828 0 1015 49.83915 778.8091 1829.724 41.93668 -0.7670672 -0.6414765 -0.0075741 0.07861162 -0.1057069 0.9912865 -10.76259 -8.919361 -0.09986222 776.1019 1833.681 42.72327 -0.814554 -0.5800809 0.002841656
4.480864 0.001081105 1 0.0098012 0.008005154 0 1015 49.83915 775.6752 1827.539 42.01319 -0.7710829 -0.6367012 -0.005806349 0.07142784 -0.09555764 0.9928572 -8.756252 -7.231879 -0.06816132 772.9797 1831.456 42.73413 -0.8143239 -0.5804038 0.002826101
4.371638 0.001076503 1 0.0076557 -0.005452987 0 1015 49.83915 772.5258 1825.338 42.10605 -0.770324 -0.6373387 -0.004695658 0.06208728 -0.08237053 0.994664 -5.835951 -4.8532 -0.0386711 769.8342 1829.214 42.74502 -0.8140784 -0.5807482 0.002808893
4.316929 -0.01577897 1 0.0105239 -0.01352442 -0.01822065 1015 49.83915 769.3138 1823.085 42.19506 -0.766838 -0.6413339 -0.003975545 0.0529981 -0.06954454 0.9961689 -1.379464 -1.155444 -0.007306149 766.656 1826.945 42.75595 -0.8137918 -0.5811499 0.002790187
4.55315 0.001084221 1 0.0074347 0.01287222 0 1015 49.83915 766.2312 1820.738 42.25433 -0.7690149 -0.6387688 -0.00274794 0.04598876 -0.05965567 0.9971598 -9.507804 -7.872585 -0.03445007 763.4865 1824.68 42.76678 -0.8134958 -0.5815643 0.002770168
4.399098 0.001077578 1 0.0175921 -0.00193104 0 1015 49.83915 763.002 1818.467 42.3087 -0.7700021 -0.6376497 -0.00199231 0.04104773 -0.05268519 0.9977674 -8.041144 -6.686757 -0.02300985 760.3351 1822.426 42.77748 -0.8131839 -0.5820003 0.002750162
4.318144 0.001074268 1 0.0045743 -0.0132321 0 1015 49.83915 759.8781 1816.282 42.34733 -0.770099 -0.6375707 -0.001582997 0.03797213 -0.04834335 0.9981087 -4.149022 -3.453475 -0.009556754 757.1524 1820.147 42.7882 -0.8128437 -0.5824755 0.002727784
4.313173 0.00108784 1 0.0087586 0.01874929 -0.05347264 1015 49.83915 756.7053 1814.058 42.37519 -0.7648227 -0.6439058 -0.001825685 0.03616064 -0.04578162 0.9982969 0 0 0 754.0305 1817.908 42.79864 -0.8124915 -0.5829668 0.002705691
4.504283 0.001082129 1 0.0085225 0.01066983 0 1015 49.83915 753.6465 1811.716 42.38811 -0.7674571 -0.640775 -0.00142599 0.03502868 -0.04417577 0.9984095 -8.815711 -7.349704 -0.01620447 750.8965 1815.658 42.80903 -0.8121109 -0.583497 0.002681443
4.402717 0.0010778 1 0.0077981 0.002821947 0 1015 49.83915 750.4753 1809.485 42.40733 -0.7699202 -0.6378176 -0.001098355 0.03423752 -0.04304813 0.9984862 -7.180189 -5.96327 -0.01101764 747.7411 1813.39 42.8194 -0.8117029 -0.5840645 0.002655742
4.431413 -0.003089544 1 0.0072791 -0.00533312 0 1015 49.83915 747.3674 1807.115 42.41729 -0.7730464 -0.6340229 -0.0007403585 0.0335906 -0.0421221 0.9985477 -1.583701 -1.321471 -0.002587683 744.564 1811.102 42.82975 -0.8112646 -0.5846733 0.002628978
5.459067 0 1 0.0087122 -0.07023632 0 1015 49.83915 743.6414 1805.035 42.45838 -0.9171877 -0.3976867 0.01392446 0.03314193 -0.04147121 0.9985899 -25.40247 -12.49867 0.3245172 741.1436 1808.634 42.84077 -0.8107654 -0.5853655 0.002598356
8.21887 0 1 0.0081267 0.01710441 0 1015 49.83915 738.2585 1802.428 42.53157 -0.8827232 -0.4693479 0.009716362 0.03268513 -0.04079882 0.9986327 -34.88219 -17.4764 0.4295906 736.3944 1805.201 42.85587 -0.8100061 -0.5864158 0.002551848
11.06944 0 0.2187409 0.0039661 0.001799698 0 1015 49.83915 730.8344 1798.377 42.6114 -0.8754573 -0.4827861 0.008845054 0.03214134 -0.03998658 0.9986832 -31.54262 -17.15215 0.3299107 729.5677 1800.248 42.87709 -0.8088162 -0.5880563 0.002479339
13.57003 0.008996321 0.747123 0.0072604 0.03396738 0 1015 49.83915 721.2587 1793.081 42.70835 -0.872888 -0.487429 0.008545196 0.03178494 -0.0394118 0.9987174 -28.86305 -15.95855 0.2891216 720.8681 1793.904 42.90324 -0.8070319 -0.5905031 0.002374269
15.67096 -0.009852379 1 0.0077372 -0.08448635 0 1015 49.83915 710.8429 1785.738 42.7506 -0.7981012 -0.6021752 0.001711728 0.03167164 -0.03913748 0.9987318 -25.51543 -18.69663 0.07578944 710.6318 1786.381 42.93251 -0.8045106 -0.5939341 0.002228373
17.52024 0 1 0.0049305 0.04608313 0 1015 49.83915 698.9847 1777.238 42.79396 -0.7850503 -0.6190975 0.0007307195 0.0320247 -0.03943033 0.998709 -23.55398 -17.34991 0.06902114 698.8687 1777.644 42.96369 -0.8008914 -0.5988063 0.002020709
19.13397 0 1 0.0073724 -0.05513953 0 1015 49.83915 686.1367 1767.647 42.82773 -0.8485277 -0.5287149 0.006614423 0.0329162 -0.04033337 0.998644 -25.76765 -17.99856 0.1201438 686.1396 1768.046 42.99371 -0.7957454 -0.6056287 0.001732715
20.59657 0 0.1805893 0.0075517 0.07465586 0 1015 49.83915 670.9588 1758.515 42.96679 -0.8263345 -0.5627859 0.005024123 0.03535012 -0.04299093 0.9984499 -22.84755 -14.28614 0.1864798 672.2314 1757.326 43.02055 -0.7878488 -0.6158674 0.001299762
21.76192 0 0.5883712 0.0038192 0.007890319 0 1015 49.83915 656.1957 1747.442 43.00891 -0.7870439 -0.6165529 0.0005246093 0.03304866 -0.0413377 0.9985985 -21.41278 -16.35184 0.04979029 657.7411 1745.776 43.0388 -0.7750453 -0.6319054 0.0006168583
22.81161 0 0.9966867 0.0102837 0.02994373 0 1015 49.83915 641.6654 1734.374 42.9437 -0.6963646 -0.7172875 -0.01222228 0.02305256 -0.03940196 0.9989575 -19.80723 -19.01893 -0.2439794 643.0027 1733.429 43.02559 -0.7617325 -0.6478781 -0.004208048
23.73444 0 1 0.0094682 0.003018715 0 1015 49.83915 627.5258 1719.266 42.63089 -0.6769592 -0.735432 -0.02093375 0.01785116 -0.04486321 0.9988337 -18.02942 -19.39101 -0.4837647 627.3722 1720.017 42.81737 -0.7550238 -0.6554957 -0.01626384
24.57676 -0.01052077 1 0.0092237 -0.03575138 0 1015 49.83915 613.098 1703.547 41.97489 -0.6786116 -0.7334833 -0.03259449 0.02487302 -0.06733558 0.9974203 -19.13023 -20.83412 -0.8207057 611.4548 1705.912 42.32557 -0.7392957 -0.6727134 -0.02997246
25.29749 0 1 0.0028104 0.1003364 0 1015 49.83915 597.3051 1688.788 41.02382 -0.723949 -0.6888488 -0.0297835 0.06960618 -0.1159922 0.9908083 -18.06031 -16.51415 -0.6977871 595.5015 1690.715 41.5261 -0.7029465 -0.71005 -0.04117654
25.85438 0 1 0.0109483 0.01010607 0 1015 49.83915 581.8396 1672.1 39.94 -0.6563148 -0.7538377 -0.01888067 0.1508384 -0.1557748 0.9762083 -16.43245 -18.34448 -0.6247289 580.3411 1673.917 40.61142 -0.6284496 -0.7770813 -0.03457947
26.37746 0 1 0.0098375 0.04891795 0 1015 49.83915 567.9449 1654.029 39.80955 -0.5351727 -0.8443422 0.002895404 0.1540119 -0.09424514 0.9835643 -14.5693 -20.74854 -0.09536868 567.0015 1655.162 40.21589 -0.5314835 -0.8470543 0.004896263
26.84451 0 1 0.0037767 0.005120034 0 1015 49.83915 556.1705 1633.972 40.65798 -0.4900848 -0.8694409 0.05585528 0.1274331 -0.008114403 0.9918141 -11.99686 -20.81936 0.9720731 555.2829 1634.669 40.92772 -0.4692622 -0.8814165 0.05383481
27.28218 0.01270246 1 0.0078169 0.09756929 0 1015 49.83915 544.6885 1613.218 42.51536 -0.4572728 -0.8823042 0.108108 0.1743005 0.03026193 0.9842299 -11.73302 -21.47948 2.307955 544.6122 1613.684 42.66452 -0.4130692 -0.9054362 0.09776758
27.58587 0.01022583 1 0.0076596 0.06963488 0 1015 49.83915 536.0367 1591.154 45.49261 -0.3038056 -0.9423536 0.1370228 0.2677789 0.05354887 0.961991 -7.684875 -21.56081 2.972531 536.1561 1591.525 45.58877 -0.3054316 -0.9416482 0.141456
27.85956 0 1 0.0098629 -0.07778966 0 1015 49.83915 530.845 1567.684 48.7834 -0.220902 -0.9629757 0.1515419 0.3214922 0.07479965 0.9439535 -5.303721 -25.48148 3.598853 529.5666 1568.604 49.29583 -0.2465659 -0.9552988 0.1631238
28.1741 0 1 0.0072132 0.02773329 0 1015 49.83915 524.6133 1543.938 53.12302 -0.2315919 -0.9562159 0.1762351 0.3723311 0.08023546 0.9246243 -5.841543 -22.67334 4.205495 523.8251 1544.559 53.53658 -0.2153596 -0.9610217 0.173371
28.36198 0 1 0.007602 0.002936004 0 1015 49.83915 519.3246 1520.335 57.63671 -0.2073059 -0.9620034 0.1731723 0.1966546 0.1325003 0.97148 -4.871849 -22.20604 4.004128 518.6893 1520.899 57.83843 -0.2055181 -0.9628324 0.17526
28.56696 0 1 0.0106748 0.000297312 0 1015 49.83915 514.139 1496.053 62.23861 -0.2045563 -0.9620591 0.171393 -0.09875785 0.1948467 0.9758421 -4.92287 -23.09817 4.131325 513.4598 1496.748 62.1812 -0.2148429 -0.961826 0.1695093
28.73343 0 1 0.0096671 -0.05303442 0 1015 49.83915 508.4855 1472.015 66.47142 -0.2846868 -0.9462063 0.1417881 -0.2533377 0.2174724 0.9426166 -6.092165 -23.18268 3.749934 507.7161 1472.686 66.25984 -0.2482152 -0.9564342 0.1536967
28.9584 0 1 0.0075791 -0.005415217 0 1015 49.83915 500.5186 1448.133 69.71507 -0.3259073 -0.9359594 0.119118 -0.300411 0.2226415 0.927461 -7.808805 -22.91755 3.015877 500.5676 1448.529 69.78579 -0.3232342 -0.9388194 0.1189038
29.1273 0 1 0.0032546 -0.1276842 0 1015 49.83915 491.0488 1424.832 72.14506 -0.4917255 -0.8676828 0.03980335 -0.3881008 0.2604946 0.8840365 -10.08194 -21.46992 1.795248 490.5148 1425.31 71.91965 -0.4909972 -0.8704389 0.03551596
29.24335 -0.02143814 1 0.0131927 -0.2350208 0 1015 49.83915 476.3517 1404.136 71.67989 -0.6950739 -0.7088801 -0.1022363 -0.4494566 0.3204433 0.8338492 -17.11119 -21.32463 -1.235818 475.6023 1406.134 70.65669 -0.7182993 -0.6802738 -0.1458388
29.29303 -0.01101954 1 0.008643799 -0.1651143 0 1015 49.83915 455.5372 1390.51 65.55786 -0.8638388 -0.3927542 -0.309173 -0.4565013 0.3654855 0.8111883 -18.50049 -10.12338 -5.998121 455.4483 1392.119 64.93287 -0.8532889 -0.4340798 -0.2889211
29.21961 0.01102319 1 0.0067835 0.1263395 0 1015 49.83915 432.4526 1383.25 56.48911 -0.9032684 -0.2651381 -0.3306047 -0.3880186 0.2000765 0.8996756 -19.56569 -5.535727 -7.566556 432.7536 1383.165 56.7878 -0.9011752 -0.2855458 -0.3261075
29.20797 0 1 0.0065351 0.01306634 0 1015 49.83915 409.4363 1374.68 48.767 -0.9000061 -0.3693378 -0.2159767 -0.1866246 -0.1157248 0.9755905 -20.13794 -7.951603 -5.565847 409.2693 1376.075 49.05021 -0.9206179 -0.2974326 -0.2529823
29.15288 0 1 0.0084566 0.09860593 0 1015 49.83915 386.2457 1364.387 45.31903 -0.8770844 -0.469853 0.05377924 0.09717686 -0.06774849 0.9929572 -19.79202 -9.42517 -0.5105606 386.0019 1365.677 45.58092 -0.8430919 -0.5363578 0.03997859
29.11403 0 1 0.008698 0.01014612 0 1015 49.83915 365.2094 1350.963 51.03749 -0.7695118 -0.5436983 0.3240421 0.3594946 0.04665357 0.9319802 -18.43699 -12.43131 6.012146 364.9132 1352.475 51.2266 -0.786024 -0.493567 0.3722346
29.05687 0 1 0.0036543 0.001078591 0 1015 49.83915 346.7451 1337.132 61.63592 -0.703333 -0.5498542 0.4412844 0.5770597 -0.08636381 0.8121241 -15.23991 -11.69878 9.052833 345.8613 1339.581 62.67522 -0.7005284 -0.531168 0.4765709
28.91607 0 1 0.0096109 0.09317596 0 1015 49.83915 329.0015 1321.635 72.57112 -0.6562433 -0.6957532 0.2774257 0.5566847 -0.2039674 0.8052956 -14.09136 -13.74202 6.967492 328.2343 1323.516 73.72975 -0.6354515 -0.7079378 0.3082699
28.87359 0 1 0.0078283 0.1624256 0 1015 49.83915 313.6733 1302.384 76.41135 -0.5035267 -0.8588943 -0.01730036 0.4147281 -0.2606947 0.8718024 -11.93179 -17.37728 1.36102 313.5114 1302.903 76.79292 -0.4835559 -0.8735628 -0.05537598
28.88992 0 1 0.0069866 0.08062677 0 1015 49.83915 302.8362 1280.192 73.0508 -0.3564794 -0.9107442 -0.1865245 0.2667309 -0.2924787 0.9183201 -9.193516 -20.6153 -3.464994 303.2186 1280.407 73.15803 -0.3567749 -0.9123691 -0.2007319
29.03585 0 1 0.0098736 0.008138353 0 1015 49.83915 294.8585 1256.422 67.61755 -0.2867301 -0.9367607 -0.1748172 0.04327756 -0.1960643 0.9796309 -7.436779 -23.19464 -4.676609 294.7242 1256.954 67.87997 -0.322797 -0.9265939 -0.1929399
29.13651 0 1 0.0074721 -0.04495483 0 1015 49.83915 286.6701 1232.541 64.11175 -0.3914942 -0.9131334 -0.05283796 -0.08266007 -0.02221263 0.9963298 -8.230968 -21.40224 -2.067569 286.1657 1233.131 64.23305 -0.3558538 -0.9316603 -0.07334515
29.14759 0 1 0.0047609 -0.04848226 0 1015 49.83915 275.6641 1209.911 64.82088 -0.4911112 -0.8574697 0.1157233 -0.04183498 0.1571239 0.9866924 -10.50662 -20.09995 1.561756 276.2437 1209.933 64.99194 -0.4351327 -0.88861 0.1450293
29.1122 0 1 0.0086156 0.08484866 0 1015 49.83915 262.4037 1188.437 70.59452 -0.4856378 -0.8293095 0.2572356 0.09558983 0.2434094 0.9651998 -10.97184 -17.7648 4.902484 264.3805 1187.87 70.69186 -0.4761052 -0.8349913 0.2758878
28.99055 0 1 0.0031129 0.008827776 0 1015 49.83915 251.2876 1166.85 78.56358 -0.4113093 -0.8547624 0.298798 0.302462 0.1815513 0.9357113 -9.11414 -18.45035 6.345858 252.0545 1166.581 78.51805 -0.473894 -0.8199828 0.3210183
28.92819 0 1 0.0041924 0.0009164209 0 1015 49.83915 240.9528 1145.057 86.34315 -0.4059308 -0.8585505 0.2945909 0.4354966 0.1010208 0.8945048 -8.39748 -17.75283 6.14761 240.4017 1145.728 86.68589 -0.4438123 -0.837714 0.3182233
28.77032 0.005059437 1 0.0031135 0.1356658 0 1015 49.83915 230.7193 1123.408 93.61046 -0.3824176 -0.8831231 0.2500728 0.459003 0.05237775 0.8868891 -8.030462 -17.28039 5.392971 230.073 1123.965 94.06228 -0.3614017 -0.8980598 0.2507475
28.76246 0.005237862 1 0.0032233 0.237362 0 1015 49.83915 223.7153 1099.665 97.47904 -0.1473373 -0.9831716 0.0118537 0.5215168 -0.06789955 0.8505351 -5.079322 -21.85134 1.995486 223.752 1099.82 97.61855 -0.0896861 -0.9955249 -0.03014119
28.88271 0.008263937 1 0.0050855 0.1989158 0 1015 49.83915 225.2266 1075.08 92.0243 0.2067689 -0.9216192 -0.3100514 0.6150322 -0.1239836 0.778694 3.204824 -23.34558 -5.827374 225.2878 1075.331 92.15999 0.2178482 -0.9023175 -0.3719835
29.16984 0 1 0.004667 0.07883149 0 1015 49.83915 233.3535 1053.037 81.31059 0.4223626 -0.796969 -0.417972 0.5958009 -0.1020392 0.796623 9.544077 -22.22087 -10.63071 234.3724 1054.287 80.85641 0.4719692 -0.7483356 -0.4660906
29.60893 0 1 0.0073366 0.03245513 0 1015 49.83915 247.1183 1034.519 70.42715 0.6256632 -0.6744635 -0.3764473 0.4771606 -0.04716225 0.8775494 15.18933 -18.62145 -10.55913 248.4113 1036.543 69.98293 0.6331189 -0.6757458 -0.3775294
29.79394 0 1 0.0119258 0.02688079 0 1015 49.83915 265.7499 1018.546 62.10645 0.7709121 -0.5511191 -0.3000004 0.3863337 0.03876818 0.9215437 18.96559 -14.81833 -8.319313 266.0736 1020.004 62.05969 0.7502174 -0.6002092 -0.277348
29.97345 0 1 0.0091883 0.02426665 0 1015 49.83915 287.0422 1005.978 54.73589 0.8513579 -0.428609 -0.2818876 0.3662801 0.120753 0.922636 21.50226 -11.74649 -7.413116 286.3438 1005.579 55.21536 0.8123655 -0.5252132 -0.2534034
30.09331 0 0.2584024 0.0115224 0.1025271 0 1015 49.83915 309.4623 993.7552 47.99031 0.85352 -0.4511094 -0.2365308 0.346055 0.171063 0.9224876 20.85393 -11.72104 -5.942105 308.2207 992.4035 48.85673 0.8474091 -0.4788337 -0.2293825
30.11674 0 0.6183017 0.0035443 -0.03795642 0 1015 49.83915 332.6461 983.3152 42.0154 0.8878164 -0.3933937 -0.211972 0.2905861 0.1462812 0.9456009 20.87886 -9.136512 -5.328369 331.0923 980.1651 43.13062 0.8735613 -0.4435729 -0.2003342
30.35374 0 1 0.0127499 -0.003854537 0 1015 49.83915 355.9894 972.4786 37.51835 0.8889256 -0.4176714 -0.1518706 0.2116802 0.09689473 0.972524 29.78713 -13.91686 -5.813956 353.881 969.1528 38.45863 0.897234 -0.4117848 -0.1593877
30.77405 0 1 0.0053484 0.1002524 0 1015 49.83915 380.2289 961.6355 34.30524 0.9325256 -0.3369205 -0.06762371 0.12532 0.1500203 0.9807084 22.70732 -9.574576 -2.274711 378.9751 958.6212 35.0765 0.9446665 -0.3182658 -0.07944973
30.80207 0 1 0.0087684 0.04387638 0 1015 49.83915 406.3244 954.4511 33.75572 0.9738483 -0.1979856 0.003060586 0.02113774 0.1193166 0.9926293 23.83135 -5.81187 -0.4185732 405.5191 952.3911 34.17053 0.9876284 -0.1564607 0.01056941
30.78487 0 1 0.0032442 0.004574263 0 1015 49.83915 432.6527 949.8809 35.41161 0.9776727 -0.1584222 0.07511212 -0.09427478 -0.1128251 0.989133 22.53043 -3.772192 1.276984 432.3265 948.7958 35.40681 0.9876822 -0.1370808 0.07545436
30.77503 0 1 0.0076967 -0.06547535 0 1015 49.83915 458.3825 943.0566 37.60853 0.914842 -0.3774082 0.07840692 -0.2108204 -0.3190723 0.9239851 24.31602 -8.17137 2.078512 458.0807 943.5781 37.86953 0.9524572 -0.286289 0.1042306
30.79108 0 1 0.0044399 -0.04504339 0 1015 49.83915 481.4358 929.7145 39.24203 0.7928174 -0.5936463 0.06701585 -0.3145824 -0.3192099 0.8939473 19.5486 -12.94003 1.458504 482.5594 932.3148 40.71675 0.8436249 -0.523559 0.1190912
30.76003 0 1 0.0032786 -0.00460947 0 1015 49.83915 502.0132 912.6543 42.61294 0.7356746 -0.6511278 0.1422969 -0.3765856 -0.229335 0.8975461 17.40866 -14.89408 2.862593 504.3669 916.2155 44.66065 0.7519131 -0.6391934 0.1614278
30.74196 0 1 0.0076797 -0.0004678139 0 1015 49.83915 521.6712 894.8093 47.51099 0.7188863 -0.6619874 0.1742675 -0.3775431 -0.1703893 0.9101806 19.69576 -18.00694 4.592727 523.8893 898.0115 49.18103 0.6963757 -0.6978904 0.1673617
30.7939 0 1 0.0036415 -0.03499151 0 1015 49.83915 540.5673 876.5835 52.85598 0.6722907 -0.7161953 0.1399445 -0.2296503 -0.02545907 0.9729438 16.88982 -17.03697 3.717938 542.4166 878.7257 53.4988 0.6770913 -0.7209368 0.1476398
30.83521 0 1 0.0087309 -0.003537665 0 1015 49.83915 558.5703 856.6361 56.18492 0.6539671 -0.7369424 0.1174017 -0.2308952 -0.05009896 0.971688 16.91254 -18.8887 3.155962 560.6616 859.3738 56.97283 0.6869676 -0.7185266 0.108627
30.9806 0 1 0.0089243 -0.0003591467 0 1015 49.83915 576.3784 836.5375 58.41598 0.6541307 -0.73791 0.1077471 -0.3322223 -0.1587434 0.9297555 17.57146 -19.82325 2.955884 578.3536 838.8473 59.66663 0.614569 -0.7835244 0.09162036
31.10871 0 1 0.0045623 -3.752291E-05 0 1015 49.83915 594.1937 816.5532 61.88441 0.6586416 -0.7359773 0.07328321 -0.008009037 0.0919798 0.9957278 17.02875 -19.05762 2.232865 594.6185 817.1804 61.97991 0.5898658 -0.8036552 0.07871886
31.21503 0 1 0.0075976 -0.004910023 0 1015 49.83915 611.6996 796.2322 63.20488 0.6329956 -0.7578312 0.05265037 0.316344 0.3261232 0.8908195 16.51301 -19.47228 1.459291 610.4888 795.8774 63.91414 0.6086246 -0.7906727 0.06643052
31.21297 0 1 0.0097059 -0.0005028241 0 1015 49.83915 629.1374 775.4063 64.65369 0.6380743 -0.751633 0.07466254 0.3386742 0.3732992 0.8636825 16.22307 -19.26753 1.694498 627.7787 774.9457 65.53545 0.6698924 -0.7406133 0.05230104
31.2356 0 1 0.025014 0.1144633 0 1015 49.83915 650.4929 757.6094 64.8233 0.8695317 -0.4645329 -0.07608733 0.2907733 0.4020747 0.868209 23.28183 -15.7444 -0.9836025 647.4347 756.037 66.7259 0.7759231 -0.6299181 0.03384107
18.59878 0 0.08212493 0.003699 -0.1465973 0 1015 49.83915 667.8029 747.2902 64.45708 0.8018982 -0.5766092 0.0462856 0.2582764 0.4286841 0.8657501 18.12679 -11.55468 0.1860695 665.0344 743.4315 67.34371 0.8353364 -0.5491297 0.02588137
19.85813 0.005682299 0.5168845 0.0034968 0.1379327 0 1015 49.83915 680.5704 736.8159 66.08667 0.7759404 -0.6051677 0.0966949 0.2398211 0.4453323 0.86265 24.54409 -20.12842 3.249863 679.1555 734.6871 67.7289 0.8640418 -0.5030269 0.01989228
21.28047 0 0.4446004 0.0089368 0.04898418 0 1015 49.83915 696.5653 728.546 66.10058 0.923214 -0.3499851 -0.05332042 0.2258716 0.4654419 0.8557721 28.93086 -13.56913 -0.5705661 694.9508 726.1121 68.00046 0.8927776 -0.4503944 0.009644704
22.52576 0 0.9165642 0.0084033 -0.08278507 0 1015 49.83915 714.2695 722.2347 65.03678 0.9190289 -0.3641681 -0.02053262 0.2104654 0.4832239 0.8498229 28.87791 -10.63895 -1.377668 712.1806 718.1125 68.04797 0.9204096 -0.3909183 -0.005388919
23.62546 0 1 0.0109779 -0.00843122 0 1015 49.83915 732.6812 714.127 65.30482 0.8986757 -0.410711 0.03681944 0.1934226 0.4989589 0.8447648 28.54042 -12.71203 0.6886233 731.1641 710.8547 67.73489 0.9463533 -0.3220647 -0.02626526
24.60437 0 1 0.0080661 0.05322767 0 1015 49.83915 752.0142 707.0588 65.28471 0.9556653 -0.2491696 -0.04768969 0.175721 0.5131688 0.8401071 28.85506 -9.3244 -0.6184755 751.2054 704.9109 66.91584 0.9681166 -0.2448489 -0.05290722
25.49834 0 1 0.0274057 0.06685024 0 1015 49.83915 774.1514 702.5506 63.6741 0.9756886 -0.1184685 -0.1079402 0.1563026 0.5250211 0.8366137 32.76098 -5.843111 -2.722152 772.7448 700.475 65.38947 0.9839391 -0.1561729 -0.08645156
26.36915 0 1 0.0114919 0.04561927 0 1015 49.83915 796.4489 701.9891 60.21578 0.9673768 0.0647743 -0.194018 0.1337153 0.5234863 0.8414763 30.54991 0.2155859 -5.283159 796.1949 698.2892 62.70799 0.9896374 -0.02219055 -0.1418665
27.09446 0 1 0.0039627 -0.05205779 0 1015 49.83915 818.9171 703.6129 56.22945 0.9772739 0.02418078 -0.1479708 0.1186989 0.4894277 0.8639277 29.13258 1.575844 -5.141405 819.5753 699.0673 58.86449 0.9808252 0.07972096 -0.1778392
27.79107 0 1 0.008741 0.01535431 0 1015 49.83915 842.3971 705.1267 52.6795 0.9684442 0.09930515 -0.172442 0.1141398 0.4365465 0.8924125 30.23329 2.475684 -5.210808 842.7974 701.7578 54.42736 0.9713331 0.140323 -0.1918892
28.43121 0 1 0.0034599 0.001601398 0 1015 49.83915 866.1195 707.7963 49.04794 0.9663392 0.1133361 -0.1734457 0.1412084 0.2584897 0.9556389 30.59573 3.459292 -5.481343 866.4662 705.6088 49.73914 0.9671357 0.1698923 -0.1891695
29.09345 0 1 0.012168 0.0001545452 0 1015 49.83915 890.8657 710.7296 45.04711 0.9660169 0.1150666 -0.1668347 0.1733837 -0.02825361 0.9844505 36.50192 4.323231 -6.442534 890.421 709.8927 45.25144 0.9702103 0.1717287 -0.1708835
29.77868 0 1 0.0110111 1.601422E-05 0 1015 49.83915 915.8148 713.6579 41.00846 0.9709767 0.110699 -0.1365179 0.1586388 -0.1987867 0.9671186 32.47432 3.781211 -5.005473 915.2322 713.9854 41.32128 0.9802878 0.1445858 -0.1346503
30.34214 0 0.2801584 0.0328505 1.445931E-06 0 1015 49.83915 942.8257 716.5948 37.99313 0.9770789 0.1016286 -0.09303673 0.1121504 -0.1843456 0.9764418 35.67311 3.824062 -3.929383 941.0722 717.1412 38.44775 0.9906269 0.1031836 -0.08950753
30.92081 0 0.8010341 0.0109782 1.537397E-07 0 1015 49.83915 968.6326 719.2012 36.18668 0.9797753 0.09731926 -0.06197632 0.06876106 -0.05800876 0.9959452 33.39396 3.364951 -2.487831 968.0084 719.7343 36.41084 0.9939795 0.09040555 -0.06189984
31.43711 0 1 0.0106209 1.529505E-08 0 1015 49.83915 995.6787 721.8833 34.8827 0.980476 0.09763052 -0.04207877 0.03206836 0.1062826 0.9938189 33.82108 3.360314 -1.716933 995.0777 722.1823 35.02013 0.9949073 0.09187122 -0.04146111
31.89308 0 1 0.011509 1.576722E-09 0 1015 49.83915 1022.79 724.6166 34.00013 0.9805752 0.1004152 -0.02593205 0.002411942 0.2278986 0.9736816 32.07891 3.248425 -1.049693 1022.13 724.8575 34.09541 0.993853 0.1072109 -0.02760855
32.25802 0 1 0.0094838 1.55076E-10 0 1015 49.83915 1050.811 727.5439 33.5223 0.9803906 0.1046326 -0.01018726 -0.02004172 0.2812008 0.9594397 31.95562 3.358468 -0.5214215 1050.172 728.2877 33.44101 0.9902052 0.1382029 -0.01983635
32.64128 0.01378877 1 0.0084854 0.122334 0 1015 49.83915 1078.583 730.6605 33.45528 0.9752254 0.1452974 -0.006050515 -0.03834937 0.2971276 0.9540673 32.34693 3.777933 -0.1032096 1077.693 732.7527 32.91793 0.9825923 0.184819 -0.01881671
32.90823 0 1 0.0100177 0.02199593 0 1015 49.83915 1105.988 738.361 32.41023 0.92993 0.3246319 -0.04535394 -0.05591428 0.2934976 0.9543233 28.24641 8.618743 -1.202508 1105.253 738.9209 32.34498 0.9670182 0.2538416 -0.02097999
33.01717 0 1 0.0078266 0.002259581 0 1015 49.83915 1132.711 748.168 31.32293 0.9220886 0.3477762 -0.03136277 -0.06264272 0.2531503 0.9653973 27.09214 9.997194 -1.072185 1132.64 746.9491 31.788 0.9526413 0.3036243 -0.01692998
33.09645 0 1 0.0079035 -0.08604317 0 1015 49.83915 1159.388 758.2525 31.08417 0.9312909 0.3228701 -0.006356574 -0.02346091 0.08727811 0.9959076 25.91423 9.674851 -0.4538524 1159.694 755.9824 31.44035 0.9456614 0.3250914 -0.006322977
33.05662 0 1 0.008069701 -0.009030791 0 1015 49.83915 1186.672 766.1405 31.45739 0.9529814 0.2501523 0.004561439 0.02820764 -0.125543 0.9916881 25.22789 6.988534 0.04864154 1186.51 765.181 31.49051 0.9476425 0.3191409 0.0110798
33.14606 0 1 0.007882 -0.0009315255 0 1015 49.83915 1214.137 773.1345 31.81495 0.9556394 0.2376156 0.02821834 0.0283511 -0.229558 0.9728819 26.64862 6.745773 0.5177668 1213.461 773.7909 32.13948 0.9581416 0.2839989 0.03618473
33.08817 0 1 0.0080814 -9.235713E-05 0 1015 49.83915 1242.357 779.999 33.15324 0.956447 0.2277205 0.06163763 0.007179507 -0.2892494 0.9572269 25.27884 6.096769 1.377024 1241.641 781.074 33.63353 0.9784754 0.198618 0.05600874
33.05276 0 1 0.012097 -0.019982 0 1015 49.83915 1270.818 784.3334 34.67425 0.9795272 0.09448758 0.04399952 -0.02046221 -0.239846 0.9705961 26.98068 3.362268 1.250393 1270.04 785.0874 34.99422 0.9946271 0.0934862 0.04446525
32.70641 0 1 0.0089282 -0.002137962 0 1015 49.83915 1298.742 786.6301 36.37589 0.9792042 0.07351999 0.0723327 -0.07296267 -0.009402938 0.9972897 20.95517 1.645787 1.353414 1298.195 787.1564 36.49078 0.9955479 0.06596199 0.06733138
32.22668 0 1 0.0141928 -0.0002201594 0 1015 49.83915 1326.557 788.7467 39.17988 0.9714923 0.07830673 0.1379809 -0.1514932 0.1610017 0.9752581 24.06397 1.875877 2.941633 1325.684 789.4943 39.07082 0.9853608 0.1160283 0.1249086
31.74112 0 1 0.0036577 0.050712 0 1015 49.83915 1353.451 792.2772 44.15857 0.9345069 0.2123943 0.2248401 -0.2643669 0.1556237 0.9517836 20.08916 3.664796 4.320579 1352.786 794.3636 43.78251 0.9450275 0.2446182 0.2169931
31.38786 0.009784775 1 0.0060214 0.1824078 0 1015 49.83915 1378.637 799.5715 51.72569 0.8559294 0.3558196 0.3311527 -0.3810789 0.05793235 0.9227257 19.76157 6.58004 6.861665 1376.848 803.0972 50.91531 0.852412 0.4147668 0.3183808
30.96983 0 1 0.0064483 0.02819714 0 1015 49.83915 1399.384 813.2601 62.13621 0.6871328 0.564026 0.4225923 -0.4981478 -0.0420232 0.8660733 13.88426 10.5413 7.763323 1397.339 816.0181 61.24425 0.708245 0.5443396 0.4495385
30.50743 0 1 0.0028548 0.002870968 0 1015 49.83915 1417.093 828.8773 75.23377 0.6259794 0.5791265 0.4915049 -0.5842536 -0.055639 0.8096617 12.736 11.5442 9.547451 1415.171 831.5082 74.1793 0.6246545 0.5983096 0.5018291
30.0517 0 1 0.0068883 0.03103426 0 1015 49.83915 1432.551 845.6908 88.64155 0.5324184 0.6821591 0.4690214 -0.6300126 -0.04146608 0.7754802 10.91063 13.18682 9.418836 1430.925 847.5355 87.56918 0.5851747 0.6241714 0.5176684
29.66932 0 0.2764258 0.0070693 -0.03243272 0 1015 49.83915 1446.802 863.0259 101.1539 0.5788491 0.61809 0.5011688 -0.512129 -0.1980533 0.8357667 11.27837 12.70097 9.913091 1445.724 863.7144 100.8061 0.57496 0.6376108 0.5127119
29.34528 0 0.5681141 0.006072 -0.003462046 0 1015 49.83915 1462.112 878.5996 113.1867 0.6109336 0.6089246 0.4714857 -0.2492415 -0.4240728 0.8706484 12.13233 12.17034 9.637371 1460.248 879.7261 113.3509 0.5924018 0.6419743 0.4867539
29.16838 0 0.8832803 0.0073053 -0.000349132 0 1015 49.83915 1478.161 894.7499 124.3622 0.6226607 0.6384052 0.4133427 -0.07328869 -0.4906789 0.8682526 13.25068 13.44895 9.168036 1475.974 895.991 125.0288 0.6521201 0.6311561 0.4199794
28.95945 0 1 0.0064251 -0.03563318 0 1015 49.83915 1495.526 910.666 133.0827 0.7326782 0.6185946 0.2158599 0.1026046 -0.433878 0.8951101 15.01131 12.89417 5.712948 1494.356 911.5054 133.7741 0.8019392 0.5550702 0.2208828
28.96057 0 1 0.0136606 -0.1699983 0 1015 49.83915 1516.201 924.3754 134.5061 0.8858148 0.3963135 -0.155427 0.3306458 -0.4046631 0.8526027 22.37169 12.42135 -0.9397728 1515.91 922.6008 133.9243 0.9173664 0.3111272 -0.2482311
16.01601 -0.01763109 0.008713189 0.0108499 -0.2327495 -0.1223064 1015 49.83915 1535.462 931.3382 124.9427 0.8406828 0.2086927 -0.463329 0.5012584 -0.1152586 0.8575886 3.048787 0.7817948 -1.671564 1535.409 926.7592 124.504 0.8388589 0.1091985 -0.5332867
16.99076 0.010946 0.3399158 0.006736 0.1169442 0 1015 49.83915 1547.572 931.4809 115.9401 0.8738469 -0.0304526 -0.4467275 0.455223 0.1195345 0.8823166 27.22471 -0.920043 -14.83936 1548.01 928.4188 116.2751 0.8365226 0.12999 -0.5322963
18.60281 0 0.7929051 0.0079283 0.02493804 0 1015 49.83915 1561.513 933.2782 107.8606 0.8949861 0.195563 -0.3524103 0.2994279 0.2756943 0.9134225 27.30404 4.483261 -12.04268 1562 931.4431 108.4038 0.8758643 0.2528146 -0.4110186
20.04672 0 0.006487925 0.0072132 0.05949486 0 1015 49.83915 1576.729 937.8936 102.8058 0.8778159 0.3764487 -0.2261297 0.1495957 0.2289572 0.9618735 26.56579 9.158726 -8.019136 1576.924 937.0219 103.1333 0.8887847 0.407876 -0.2090415
21.28324 0 0.4248777 0.0068855 0.0347743 0 1015 49.83915 1592.336 946.644 100.8878 0.8049515 0.5540314 -0.09196006 0.01636524 0.1405365 0.9899392 21.55285 13.20119 -3.743348 1592.721 945.5139 101.1919 0.8593506 0.5103889 -0.03192768
21.1054 0.00146903 0.6075851 0.0075791 0.03791185 0 1015 49.83915 1607.132 957.6169 100.8267 0.7660815 0.6134878 0.01108914 -0.06575774 0.06411459 0.995774 10.22398 7.731227 -0.2029281 1608.359 955.1528 101.2164 0.8438204 0.5359185 0.02754264
15.52621 -0.01174071 0.004455593 0.008038701 -0.1049802 -0.1265608 1015 49.83915 1620.362 968.4012 101.389 0.7312797 0.6535181 0.0390578 -0.09811878 0.0503931 0.993898 1.402979 1.264889 0.07345697 1622.683 964.4371 101.9691 0.8332098 0.5499017 0.05804824
14.48642 0.001381425 0.1379227 0.0082703 0.003099844 0 1015 49.83915 1630.955 975.1555 102.1547 0.8518174 0.4813218 0.07827561 -0.1242966 0.05889257 0.9904962 11.90228 7.06355 1.008075 1633.161 971.4306 102.8028 0.8268087 0.557699 0.07320633
14.99917 0.001388197 0.3552125 0.0062222 0.04490359 0 1015 49.83915 1641.69 981.6802 103.0752 0.8124288 0.5444487 0.08303831 -0.158016 0.08575932 0.983705 12.54996 7.885208 1.245094 1643.584 978.5291 103.804 0.8211653 0.5644002 0.08449887
15.4851 0.001394599 0.5812942 0.0177821 0.0431434 0 1015 49.83915 1652.354 989.7791 103.927 0.7449998 0.63516 0.06920362 -0.1981446 0.1265091 0.9719746 13.29443 10.45043 1.29319 1654.319 985.9737 104.9728 0.8158764 0.5706562 0.09325878
12.4545 0.001354584 0.6960123 0.0062832 -0.07257961 0 1015 49.83915 1661.539 996.6763 104.7703 0.8194574 0.5293016 0.1074546 -0.2257029 0.1541478 0.961924 8.579039 6.05392 1.032033 1663.975 992.7786 106.1167 0.8113776 0.5760455 0.09918609
13.06796 0.001362632 0.9138678 0.0082164 0.03530275 0 1015 49.83915 1670.895 1002.489 106.0131 0.8170123 0.5320086 0.1126626 -0.2387877 0.1640216 0.9571193 13.19577 8.336565 1.829622 1672.905 999.1614 107.2349 0.8073384 0.5809807 0.1032773
13.73879 0.001371511 1 0.0066578 0.04771056 0 1015 49.83915 1680.143 1009.193 107.2312 0.7607459 0.6136624 0.08911474 -0.240502 0.1590966 0.9575211 12.35994 9.22863 1.545613 1682.195 1005.894 108.4449 0.8031498 0.5862287 0.1062366
12.18556 -0.01021808 1 0.0071017 -0.1180031 -0.03643236 1015 49.83915 1689.02 1016.61 108.407 0.7404933 0.638483 0.08523998 -0.2281707 0.1359161 0.9640871 3.535493 3.137745 0.3925302 1691.521 1012.751 109.6929 0.798826 0.5918043 0.1079108
12.64739 0.001357076 1 0.0086226 0.02766576 0 1015 49.83915 1697.532 1023.021 109.7634 0.7804078 0.5859228 0.1040834 -0.2057364 0.101117 0.9733693 12.01543 8.958352 1.599446 1700.071 1019.132 110.854 0.7946299 0.5973674 0.1082379
12.17169 0.001350867 1 0.0072805 -0.03440858 0 1015 49.83915 1706.094 1029.751 111.1209 0.7570829 0.6167061 0.09800692 -0.1812346 0.06655792 0.9811853 6.606163 5.519394 0.8439001 1708.823 1025.765 112.0455 0.789929 0.6037526 0.1072148
11.58504 0.001343069 1 0.0067639 -0.0119846 0 1015 49.83915 1714.187 1035.932 112.3489 0.7835317 0.581787 0.1035214 -0.1641913 0.04579468 0.9853649 8.988759 6.866371 1.18287 1716.947 1032.027 113.1403 0.7849947 0.6105836 0.1047425
12.26492 0.001352005 1 0.0036979 0.04173421 0 1015 49.83915 1722.264 1042.195 113.4872 0.7488219 0.6275345 0.09271909 -0.1523076 0.03581328 0.9876841 12.35588 9.810806 1.573461 1725.075 1038.413 114.2079 0.779165 0.6187404 0.1003103
11.77717 0.001345586 1 0.0032677 0.007731067 0 1015 49.83915 1730.12 1048.809 114.5556 0.7447227 0.6334046 0.08558539 -0.1351096 0.02501658 0.9905148 10.0033 8.616522 1.171686 1733.144 1044.901 115.2169 0.7719169 0.6288723 0.09308109
11.30573 0.001339324 1 0.0087731 0.01726368 0 1015 49.83915 1737.766 1054.858 115.6337 0.7634982 0.6115531 0.07859349 -0.1021276 -0.0003407163 0.9947715 11.77807 9.447429 1.257091 1740.651 1051.109 116.0786 0.7628464 0.6413248 0.08226713
12.10584 0.001349889 1 0.0064262 0.04319397 0 1015 49.83915 1745.356 1061.435 116.6141 0.7101448 0.6741431 0.06494243 -0.06111294 -0.03172801 0.997626 12.5041 11.09429 1.1995 1748.397 1057.764 116.8336 0.7486275 0.6599534 0.06338224
10.67036 0.001330993 1 0.0045385 -0.05331307 0 1015 49.83915 1752.616 1067.894 117.2002 0.7539918 0.6256359 0.05628789 -0.04966958 -0.02995776 0.998316 7.075825 6.1745 0.5504846 1755.678 1064.072 117.3879 0.7678544 0.6382838 0.05471625
10.41999 -0.005051882 1 0.0039225 -0.06265506 -0.005169176 1015 49.83915 1759.927 1073.681 117.5806 0.7548364 0.6254914 0.04628835 -0.05526152 -0.00719924 0.9984471 4.01663 3.377894 0.2510531 1762.827 1069.754 117.8628 0.7944849 0.6053225 0.04874984
9.992577 0.001321471 0.07625227 0.020645 -0.001564257 0 1015 49.83915 1767.194 1078.996 117.7493 0.8027789 0.5627952 0.04489485 -0.0799456 0.03456732 0.9962017 11.36499 8.176338 0.6343431 1769.722 1074.818 118.2471 0.8136829 0.5798939 0.04051776
9.814803 0.001313872 0.03583388 0.0032006 -0.01756475 0 1015 49.83915 1774.228 1083.95 117.6267 0.8007415 0.5644873 0.05521889 -0.1365117 0.09720795 0.9858564 8.307687 6.00761 0.5289784 1776.991 1079.928 118.5556 0.816179 0.5771137 0.02819001
10.08231 -0.01154359 0.1395237 0.0079174 -0.02165634 -0.009597561 1015 49.83915 1781.503 1088.967 117.3454 0.7709641 0.6026084 0.07065913 -0.2173731 0.1653042 0.9619864 2.587121 2.026781 0.2321448 1784.271 1085.376 118.7374 0.7718512 0.6357178 0.01119871
10.6296 0.001330361 0.3231272 0.0080862 0.03669308 0 1015 49.83915 1788.377 1094.475 117.275 0.7426193 0.6355763 0.08369154 -0.282298 0.2064807 0.9368415 12.70875 10.36601 1.381241 1791.081 1092.144 118.7535 0.6239311 0.7814533 -0.006851578
11.52614 0.001345363 0.5712879 0.0081865 0.04613512 0 1015 49.83915 1795.299 1101.066 118.1008 0.6714227 0.711523 0.07401473 -0.2985875 0.1843515 0.9364097 11.93727 11.63229 1.318362 1796.159 1100.504 118.6361 0.4138751 0.9102041 -0.01487092
12.35568 0.001356374 0.8139229 0.0061865 0.04859637 0 1015 49.83915 1801.848 1108.872 119.1557 0.5860539 0.7840127 0.06503145 -0.2787868 0.1294636 0.9515855 10.12177 12.34286 1.114842 1799.331 1109.415 118.4944 0.2678163 0.9633641 -0.014207
8.938391 0.0125866 0.01744523 0.0077456 0.2695996 0.051074 1015 49.83915 1805.624 1117.108 119.4439 0.3110281 0.9303322 -0.00265245 -0.2538849 0.08762496 0.9632565 2.263595 5.818573 0.05620218 1801.265 1117.788 118.3829 0.1886691 0.9819753 -0.01153289
9.650695 0.001309521 0.204557 0.0066916 0.07774644 0 1015 49.83915 1806.46 1124.937 119.1236 -0.02258228 0.9782836 -0.06808586 -0.2327612 0.06217423 0.9705438 0.9260631 15.28283 -0.8678831 1802.531 1125.363 118.304 0.1440633 0.9895273 -0.008979739
10.57987 0.001332779 0.1556643 0.0028827 0.04932191 0 1015 49.83915 1805.58 1133.609 118.5342 -0.1597857 0.9645982 -0.0787131 -0.214615 0.04406834 0.9757034 -1.87494 17.01529 -1.314438 1803.624 1133.965 118.2379 0.1140194 0.9934656 -0.00667238
11.49539 0.001344973 0.3929741 0.0025369 0.05172474 0 1015 49.83915 1803.465 1142.802 117.8607 -0.2758152 0.938453 -0.07354915 -0.1895634 0.02122032 0.9816395 -3.629785 14.91156 -1.174835 1804.365 1142.699 118.1868 0.05766432 0.9983211 -0.005497961
9.041442 -0.009068218 0.0005433907 0.006396 -0.05459779 -0.2838243 1015 49.83915 1800.764 1152.135 117.2645 -0.3640288 0.907638 -0.07660707 -0.1799924 0.01082916 0.9836084 -0.3119543 0.7760531 -0.06568918 1804.705 1151.975 118.1373 0.01828442 0.9998193 -0.005210661
7.023003 0.001194661 0.09065314 0.0041857 -0.08213901 0 1015 49.83915 1800.244 1158.209 117.1496 0.01407219 0.9808028 -0.004297755 -0.1756737 0.006834127 0.9844247 -0.7962081 13.10306 -0.2457569 1804.757 1158.167 118.1053 -0.0007438505 0.9999864 -0.005152096
8.102744 0.001241764 0.3200324 0.0070173 0.03435692 0 1015 49.83915 1800.479 1164.711 117.192 0.01787438 0.9807506 -0.0005571123 -0.1704464 0.00366615 0.9853601 0.4439566 16.44742 -0.003736882 1804.697 1164.687 118.0717 -0.01687771 0.9998443 -0.005164286
9.207963 0.00129014 0.5667061 0.0062245 0.04813079 0 1015 49.83915 1800.242 1172.164 117.1679 -0.080632 0.9774848 -0.01439126 -0.1651171 0.0009002687 0.9862736 -0.7060218 16.19619 -0.1511091 1804.512 1172.205 118.0326 -0.03188186 0.9994779 -0.005248285
8.513973 -0.009681493 0.742238 0.0067734 -0.103849 -0.05547746 1015 49.83915 1799.538 1180.136 117.0678 -0.1118538 0.9743599 -0.01723546 -0.1632976 -0.001294549 0.986576 -0.4881957 3.897107 -0.07608752 1804.201 1180.249 117.9898 -0.04489132 0.9989772 -0.005403663
9.200132 0.001289864 0.9145639 0.0065782 0.02996486 0 1015 49.83915 1799.172 1187.693 117.0246 -0.04654571 0.9797976 -0.004764885 -0.1640298 -0.002995067 0.9864509 -0.631354 14.65457 -0.0681643 1803.82 1187.847 117.948 -0.05504527 0.9984682 -0.005599309
9.22998 0.001291543 1 0.0032928 -0.05661437 0 1015 49.83915 1798.564 1195.882 116.9384 -0.1123922 0.9743479 -0.01451537 -0.1679539 -0.004687945 0.9857838 -0.7513152 6.049435 -0.09980913 1803.323 1196.139 117.9004 -0.06432462 0.9979118 -0.005861259
8.961342 0.001279548 1 0.0071925 -0.007544261 0 1015 49.83915 1798.02 1203.694 116.8525 -0.05741305 0.9792336 -0.003927253 -0.1753234 -0.006330981 0.9844905 -0.8252352 11.56285 -0.07486681 1802.79 1203.93 117.8536 -0.07172561 0.9974055 -0.006146222
9.16323 0.001318405 1 0.0086276 0.04596774 -0.1344834 1015 49.83915 1797.48 1211.837 116.742 -0.1245578 0.972873 -0.01566799 -0.1898217 -0.008491579 0.9817814 0 0 0 1802.177 1212.065 117.8021 -0.07835882 0.9969041 -0.006485327
8.816526 0.001273424 1 0.008370301 -0.06008518 0 1015 49.83915 1796.779 1219.688 116.5414 -0.08763102 0.9770454 -0.007709606 -0.216504 -0.01171518 0.9762115 -0.6755531 6.64657 -0.07020696 1801.533 1219.97 117.7492 -0.08389951 0.9964507 -0.00685156
9.551547 0.001305235 1 0.0065187 0.04034702 0 1015 49.83915 1796.131 1227.441 116.2786 -0.1071896 0.974955 -0.0120648 -0.2575631 -0.01636178 0.9661227 -1.341273 14.7813 -0.1134314 1800.858 1227.763 117.6941 -0.08864823 0.9960366 -0.007250738
9.414686 0.001299248 1 0.0086385 0.02267172 0 1015 49.83915 1795.409 1235.371 115.9731 -0.1039346 0.9751641 -0.01106391 -0.3032555 -0.02151281 0.9526658 -1.535877 14.72657 -0.1566367 1800.135 1235.684 117.6347 -0.09288076 0.9956475 -0.007696859
9.318939 0.001295091 1 0.0080736 0.02474969 0 1015 49.83915 1794.855 1243.184 115.8083 -0.08182742 0.9772907 -0.003043156 -0.3335425 -0.0249926 0.942405 -1.182872 14.49926 -0.03713049 1799.391 1243.509 117.5723 -0.09648777 0.9953006 -0.008177646
9.288564 0.001294012 1 0.0087639 -0.02879128 0 1015 49.83915 1794.016 1251.41 115.6855 -0.1193329 0.9733657 -0.01649006 -0.3413684 -0.02593363 0.9395718 -1.161672 8.693443 -0.182181 1798.578 1251.743 117.5024 -0.0997885 0.9949703 -0.008732517
-9.00991 0.001281661 1 0.0071601 -0.0006782412 0 1015 49.83915 747.0051 1816.228 42.78698 -0.7566965 -0.5411918 -0.2838722 -0.3352647 -0.02522833 0.9417862 -11.29745 -5.560122 -2.047333 1797.971 1257.733 117.4485 -0.1018907 0.9947534 -0.009171509
