0 0 0 0.0067304 -1.035546E-18 0 1015 49.83915 944.5912 1955.467 41.99706 -0.7844603 -0.6200714 0.009436063 -0.0171719 0.03692947 0.9991703 0 0 0 944.5914 1955.468 42.14706 -0.7843457 -0.6203177 0.002772298
0 0 0 0.0030294 -1.056965E-19 0 1015 49.83915 944.5912 1955.467 41.99706 -0.7844603 -0.6200714 0.009436063 -0.0171719 0.03692947 0.9991703 0 0 0 944.5914 1955.468 42.14706 -0.7843457 -0.6203177 0.002772298
0 0 0 0.0036314 -1.085007E-20 0 1015 49.83915 944.5912 1955.467 41.99706 -0.7844603 -0.6200714 0.009436063 -0.0171719 0.03692947 0.9991703 0 0 0 944.5914 1955.468 42.14706 -0.7843457 -0.6203177 0.002772298
0 0 0 0.0063698 -1.101817E-21 0 1015 49.83915 944.5912 1955.467 41.99706 -0.7844603 -0.6200714 0.009436063 -0.0171719 0.03692947 0.9991703 0 0 0 944.5914 1955.468 42.14706 -0.7843457 -0.6203177 0.002772298
0.4731397 7.519316E-06 0.1013694 0.0241424 7.732413E-05 0 1015 49.83915 944.4979 1955.394 41.99775 -0.7843997 -0.620144 0.009401633 -0.01720269 0.03690695 0.9991706 -14.5427 -11.49625 0.1747228 944.5485 1955.434 42.14716 -0.7844002 -0.6202489 0.00274116
2.125749 3.947501E-19 0.4238591 0.0088371 0.002025126 0 1015 49.83915 943.5955 1954.675 42.00016 -0.7802384 -0.6253561 0.008870604 -0.01784303 0.03643543 0.9991766 -17.96753 -14.32446 0.2119451 943.6634 1954.736 42.14915 -0.7855399 -0.6188068 0.002054209
3.875616 3.225999E-06 0.7574984 0.0206123 0.001188249 0 1015 49.83915 941.5061 1952.993 42.0065 -0.7781736 -0.6279399 0.007356473 -0.01922681 0.03553247 0.9991835 -17.58226 -14.13392 0.1826061 941.5936 1953.111 42.15398 -0.7877609 -0.6159782 0.001879144
0.02432179 2.416069E-17 1 0.006876 0.0001249661 0 1015 49.83915 940.6814 1952.327 42.00854 -0.7774804 -0.6288149 0.006755463 -0.01980627 0.0352233 0.9991832 -18.81453 -15.19696 0.1692631 940.649 1952.374 42.15626 -0.7886854 -0.614794 0.001916362
0.07338051 2.412109E-17 1 0.003582 1.319208E-05 0 1015 49.83915 940.648 1952.301 42.00863 -0.7774159 -0.6289085 0.006738175 -0.01982624 0.03521325 0.9991832 -18.85122 -15.24542 0.1646054 940.6153 1952.347 42.15634 -0.7887176 -0.6147527 0.001917666
0.05248687 1.790597E-27 1 0.0249336 1.337881E-06 0 1015 49.83915 940.6032 1952.264 42.00881 -0.7774145 -0.6289236 0.006710054 -0.01985247 0.03520009 0.9991831 -20.84559 -16.86283 0.1805295 940.5709 1952.313 42.15645 -0.7887599 -0.6146984 0.001919383
0.125163 2.482792E-17 1 0.009939999 1.343748E-07 0 1015 49.83915 940.5638 1952.232 42.00895 -0.7774215 -0.6289308 0.00668417 -0.01987626 0.0351882 0.9991831 -19.53383 -15.80258 0.1683468 940.5305 1952.281 42.15654 -0.7887983 -0.6146491 0.001920945
0.02545039 2.566939E-17 1 0.0064295 1.452617E-08 0 1015 49.83915 940.5266 1952.201 42.00908 -0.7774286 -0.6289377 0.006658866 -0.01989953 0.0351766 0.9991831 -19.58301 -15.84254 0.1680973 940.4908 1952.25 42.15664 -0.7888359 -0.6146008 0.001922478
0.3179287 6.848134E-10 1 0.0058158 8.584127E-06 0 1015 49.83915 940.4738 1952.159 42.00927 -0.7774349 -0.6289464 0.006626236 -0.01992962 0.03516167 0.9991829 -18.8124 -15.2192 0.1608744 940.4393 1952.21 42.15677 -0.7888846 -0.6145383 0.001924467
2.246873 2.743548E-17 1 0.0073635 1.807051E-05 0 1015 49.83915 939.5878 1951.442 42.01245 -0.7774022 -0.6290099 0.006098104 -0.0204222 0.03492691 0.9991813 -18.65883 -15.09607 0.1537295 939.5624 1951.528 42.15892 -0.7896913 -0.6135014 0.001958109
4.04663 4.943012E-17 1 0.0073956 1.864635E-06 0 1015 49.83915 937.4287 1949.695 42.02045 -0.7773721 -0.6290627 0.005004875 -0.02152403 0.03454808 0.9991712 -17.31246 -14.00862 0.124247 937.3829 1949.84 42.16443 -0.7915787 -0.6110638 0.002035867
5.633109 9.123174E-17 1 0.0049492 1.906659E-07 0 1015 49.83915 934.0909 1946.994 42.03383 -0.7773439 -0.6290991 0.003898553 -0.0226644 0.034197 0.9991581 -16.97962 -13.74082 0.097269 933.9792 1947.225 42.1734 -0.7941658 -0.6076973 0.002143329
7.108276 4.24715E-16 1 0.0062016 1.990464E-08 0 1015 49.83915 929.7609 1943.49 42.05289 -0.7773472 -0.6291251 0.003454311 -0.02309135 0.03401769 0.9991546 -15.78746 -12.77693 0.07451861 929.5713 1943.869 42.18562 -0.7970487 -0.6039109 0.002261639
8.433797 8.630495E-15 1 0.0066307 2.074249E-09 0 1015 49.83915 924.4679 1939.207 42.07563 -0.7773135 -0.6290886 0.00364765 -0.02026041 0.03082849 0.9993193 -14.56368 -11.78662 0.06690361 924.1571 1939.788 42.20138 -0.800002 -0.5999926 0.00238413
9.632353 1.785591E-13 1 0.0067975 2.140967E-10 0 1015 49.83915 918.2584 1934.181 42.10534 -0.7773188 -0.6290815 0.003891398 -0.01913194 0.02982217 0.9993721 -13.48814 -10.91598 0.06582645 917.7747 1935.026 42.22085 -0.8028625 -0.596159 0.002501602
10.61641 1.976117E-12 0.1681649 0.0206914 8.87746E-11 0 1015 49.83915 911.3311 1928.574 42.13953 -0.7773218 -0.6290749 0.004078916 -0.01786115 0.02855059 0.9994328 -14.09543 -11.40728 0.0725848 910.8368 1929.898 42.24289 -0.8053774 -0.5927567 0.002604698
11.56438 6.232241E-10 0.4162259 0.0055574 4.935094E-09 0 1015 49.83915 903.7585 1922.446 42.17773 -0.7773278 -0.6290737 0.004228219 -0.01656682 0.02718907 0.999493 -11.26287 -9.114821 0.06041588 902.7725 1923.988 42.26943 -0.8077469 -0.5895233 0.00270079
11.82209 5.695748E-10 0.5566394 0.0131539 1.733062E-08 0 1015 49.83915 895.6068 1915.849 42.2195 -0.7773305 -0.6290722 0.004327602 -0.01538886 0.02589189 0.9995463 -2.961861 -2.396966 0.0161618 894.4385 1917.927 42.29768 -0.8096938 -0.586846 0.00277805
11.42918 4.340806E-07 0.5799733 0.0133338 2.289621E-06 0 1015 49.83915 887.6241 1909.389 42.26045 -0.7773291 -0.62907 0.00438473 -0.01433061 0.02467539 0.9995928 -0.2893167 -0.234137 0.00158468 886.1291 1911.922 42.32649 -0.8112606 -0.5846778 0.002839115
10.93192 0.0001005205 0.5819968 0.0063586 0.0006583864 0 1015 49.83915 880.1079 1903.306 42.29833 -0.7771572 -0.6292854 0.004410531 -0.01332979 0.02346831 0.9996357 -0.02368202 -0.01916533 0.0001298699 878.178 1906.205 42.35453 -0.8124761 -0.5829874 0.002885358
10.44164 0.01082348 0.5821626 0.0066606 0.1457838 0 1015 49.83915 872.9288 1897.333 42.33639 -0.7286083 -0.6848959 0.006215787 -0.01226937 0.02212506 0.9996799 -0.001839085 -0.001488535 1.009291E-05 870.6108 1900.785 42.38155 -0.8134139 -0.5816782 0.002919604
3.927626 -0.006299932 2.74304E-08 0.0070332 -0.06082887 -0.2391343 1015 49.83915 868.1516 1894.196 42.34309 -0.4733361 -0.8807771 0.01322669 -0.01158796 0.02124013 0.9997073 -4.838565E-06 -9.141399E-06 1.382919E-07 865.9034 1897.422 42.39849 -0.8139069 -0.5809879 0.002936023
2.286044 -0.007906476 1.001794E-07 0.007314 0.01283203 -0.2600345 1015 49.83915 866.1497 1892.822 42.34717 -0.485618 -0.8740801 0.01273606 -0.01127943 0.02083331 0.9997194 -2.76173E-06 -4.967901E-06 7.239335E-08 863.9149 1896.003 42.40567 -0.814105 -0.5807102 0.002942925
1.657525 -0.002159823 2.598589E-07 0.0069388 -0.004901102 -0.2096497 1015 49.83915 864.9053 1891.843 42.35221 -0.5172556 -0.8557509 0.01186906 -0.01107256 0.02055875 0.9997273 -3.701874E-06 -6.130022E-06 8.509424E-08 862.6215 1895.08 42.41035 -0.8142261 -0.5805404 0.002946853
1.291497 0.002783296 4.672004E-07 0.0069838 -0.01425683 -0.06104662 1015 49.83915 863.9981 1891.152 42.35539 -0.5075142 -0.8615534 0.01199852 -0.01092022 0.02035565 0.9997331 -1.246458E-05 -2.158711E-05 3.037407E-07 861.6906 1894.417 42.41372 -0.8143075 -0.5804263 0.002949255
1.008602 -0.004138671 7.241459E-07 0.0068318 -0.02304822 -0.1645143 1015 49.83915 863.2146 1890.679 42.35567 -0.5163492 -0.8562794 0.0117152 -0.0107941 0.02018693 0.9997379 -8.126033E-06 -1.354339E-05 1.858603E-07 860.9443 1893.885 42.41642 -0.8143706 -0.5803376 0.002951153
0.8458542 -0.01386992 1.080094E-06 0.013462 -0.07861121 -0.005419755 1015 49.83915 862.6145 1890.234 42.35751 -0.5145156 -0.8573717 0.01169055 -0.01068956 0.02004671 0.9997419 -2.261799E-05 -4.006115E-05 5.620031E-07 860.3426 1893.456 42.4186 -0.8144199 -0.5802684 0.002952684
0.7094828 -0.04423355 1.589322E-06 0.0305005 -0.09352206 -0.04273061 1015 49.83915 862.0722 1889.877 42.35829 -0.5246257 -0.8512229 0.01140265 -0.01059843 0.01992422 0.9997453 -2.543493E-05 -4.456759E-05 6.189393E-07 859.8281 1893.09 42.42047 -0.8144612 -0.5802106 0.002953973
0.5942652 -0.008056845 2.168942E-06 0.0065918 -0.04634853 -0.2126007 1015 49.83915 861.5936 1889.641 42.35741 -0.4778321 -0.8783346 0.0123816 -0.01051702 0.01981461 0.9997484 -1.456895E-05 -2.708922E-05 3.837304E-07 859.3755 1892.767 42.42211 -0.8144971 -0.5801601 0.002955092
0.5360953 -0.03295822 3.07136E-06 0.0224229 0.07911955 -0.2349662 1015 49.83915 861.2311 1889.335 42.35922 -0.4788951 -0.8777627 0.01231093 -0.01044874 0.01972254 0.9997509 -7.36741E-06 -1.342175E-05 1.877922E-07 859.0005 1892.5 42.42347 -0.814527 -0.5801182 0.00295601
0.4836593 0.003365989 3.717643E-06 0.0069114 -0.06289145 0 1015 49.83915 860.9249 1889.081 42.36064 -0.528494 -0.8488473 0.01118425 -0.01038745 0.01963981 0.9997532 -3.540765E-05 -6.232987E-05 8.572417E-07 858.6668 1892.262 42.42468 -0.8145539 -0.5800803 0.002956819
0.4358816 0.003768677 4.610193E-06 0.0054576 -0.03444583 0 1015 49.83915 860.6288 1888.86 42.36155 -0.4892736 -0.8720385 0.01200902 -0.01033188 0.01956472 0.9997553 -3.056225E-05 -5.704186E-05 8.009837E-07 858.3652 1892.048 42.42578 -0.8145786 -0.5800457 0.002957544
0.3931452 0.003265414 5.554665E-06 0.0044377 -0.01571317 0 1015 49.83915 860.3587 1888.678 42.36201 -0.5317597 -0.8468184 0.01104612 -0.01028255 0.01949802 0.9997571 -4.230484E-05 -7.340778E-05 9.973954E-07 858.0992 1891.858 42.42674 -0.8146005 -0.580015 0.002958179
0.3543467 0.002558192 6.589097E-06 0.0023368 -0.05225751 0 1015 49.83915 860.1035 1888.523 42.36212 -0.5027125 -0.8643728 0.01165682 -0.01023701 0.01943639 0.9997587 -3.880959E-05 -7.19398E-05 1.001827E-06 857.8556 1891.685 42.42763 -0.8146204 -0.5799869 0.002958756
0.3198726 -0.003992973 7.721465E-06 0.0071148 -0.1122003 0 1015 49.83915 859.8643 1888.392 42.36195 -0.4992652 -0.8663687 0.0117031 -0.01019578 0.01938053 0.9997602 -4.00243E-05 -7.478105E-05 1.041923E-06 857.637 1891.529 42.42842 -0.8146382 -0.5799619 0.002959271
0.3115521 0.004036987 9.339072E-06 0.0024843 0.08397972 0 1015 49.83915 859.7207 1888.155 42.36483 -0.4738817 -0.8805006 0.01220719 -0.0101559 0.01932647 0.9997616 -5.401146E-05 -9.159396E-05 1.223599E-06 857.4277 1891.38 42.42918 -0.8146551 -0.5799382 0.002959761
0.2810484 0.003035777 1.055798E-05 0.0056476 0.03431914 0 1015 49.83915 859.5009 1888.068 42.36403 -0.5300866 -0.8478647 0.01098316 -0.01012015 0.01927797 0.9997629 -5.521984E-05 -9.223742E-05 1.22069E-06 857.2421 1891.248 42.42986 -0.8146698 -0.5799175 0.002960193
0.2629359 0.001702303 0.001959459 0.0288044 -0.05903301 0 1015 49.83915 859.2869 1887.985 42.36327 -0.5287373 -0.8486996 0.01099179 -0.01008629 0.019232 0.9997641 -0.1628542 -0.3062238 0.004250015 857.0683 1891.124 42.43049 -0.8146834 -0.5798984 0.002960596
0.2714902 0.004296908 0.005144419 0.006998 0.09145083 0 1015 49.83915 859.1665 1887.787 42.36562 -0.4680366 -0.8836024 0.01224944 -0.01005063 0.01918355 0.9997654 -0.273125 -0.5015559 0.006881203 856.8873 1890.996 42.43115 -0.8146973 -0.5798789 0.002961013
0.246704 0.002202345 0.005515156 0.0065092 0.01100178 0 1015 49.83915 858.9625 1887.726 42.36454 -0.5408918 -0.8409929 0.01067962 -0.01001776 0.01913886 0.9997666 -7.072905E-05 -0.000118176 1.554831E-06 856.7225 1890.878 42.43175 -0.8147095 -0.5798616 0.00296139
0.23936 -0.009802788 0.009104913 0.0070196 -0.06167961 -0.1336758 1015 49.83915 858.761 1887.666 42.36346 -0.4597857 -0.8879035 0.01236587 -0.009985094 0.01909442 0.9997678 -3.426154E-05 -6.745422E-05 9.463147E-07 856.5607 1890.763 42.43233 -0.8147213 -0.579845 0.00296176
0.2321079 0.002325334 0.009106836 0.0074316 0.03553442 0 1015 49.83915 858.6526 1887.492 42.3655 -0.5363241 -0.8438895 0.01074158 -0.009953697 0.01905167 0.9997689 -7.446537E-05 -0.0001202015 1.550605E-06 856.4068 1890.654 42.43289 -0.8147323 -0.5798296 0.002962112
0.2093222 -0.005346154 0.009108464 0.006779 -0.1363018 0 1015 49.83915 858.4638 1887.449 42.36424 -0.5012617 -0.8651555 0.0114756 -0.009923729 0.01901085 0.99977 -5.415121E-05 -0.0001027874 1.417476E-06 856.2613 1890.55 42.43342 -0.8147424 -0.5798155 0.002962445
0.2029138 0.002082591 0.009110704 0.0068718 0.0393498 0 1015 49.83915 858.3647 1887.298 42.36595 -0.5420904 -0.8401749 0.01057816 -0.009895299 0.0189721 0.999771 -8.214377E-05 -0.0001281403 1.620027E-06 856.1243 1890.453 42.43392 -0.8147517 -0.5798025 0.002962759
0.1832071 -0.008857817 0.009112456 0.0062334 -0.1035009 -0.08799514 1015 49.83915 858.1884 1887.279 42.36441 -0.4717776 -0.8815506 0.01203989 -0.009868806 0.01893598 0.999772 -4.654775E-05 -9.144437E-05 1.272783E-06 855.9977 1890.363 42.43438 -0.8147601 -0.5797905 0.002963048
0.1778055 0.001516476 0.009114907 0.006646 0.01773882 0 1015 49.83915 858.1011 1887.147 42.36589 -0.5673596 -0.8233081 0.009979234 -0.009843581 0.01890157 0.9997728 -0.0001000097 -0.0001530114 1.909568E-06 855.8779 1890.277 42.43482 -0.8147681 -0.5797794 0.002963322
0.1726942 0.002700976 0.009117425 0.0061507 0.06768145 0 1015 49.83915 858.0201 1887.017 42.36739 -0.4753785 -0.8795958 0.01193132 -0.009819174 0.01886827 0.9997737 -7.766215E-05 -0.0001254375 1.60606E-06 855.7626 1890.195 42.43524 -0.8147756 -0.5797688 0.002963583
0.1560478 0.0009729367 0.009119353 0.0056322 -0.0455677 0 1015 49.83915 857.8578 1887.025 42.36551 -0.5729034 -0.8194425 0.009826146 -0.009797016 0.01883802 0.9997745 -9.721574E-05 -0.0001603827 2.070319E-06 855.6584 1890.121 42.43562 -0.8147824 -0.5797593 0.002963819
0.1514563 0.001522416 0.009122372 0.0072056 0.03437276 0 1015 49.83915 857.7791 1886.914 42.36668 -0.5581026 -0.8295818 0.01014942 -0.009774745 0.01880761 0.9997753 -0.0001092156 -0.0001596129 1.936258E-06 855.5542 1890.047 42.43599 -0.8147891 -0.5797499 0.002964053
0.1474394 0.002541899 0.009125089 0.0124526 0.06060133 0 1015 49.83915 857.7116 1886.802 42.368 -0.4590038 -0.8882236 0.01220571 -0.009753879 0.01877911 0.9997761 -8.495565E-05 -0.0001394608 1.792181E-06 855.457 1889.978 42.43635 -0.8147954 -0.5797411 0.00296427
0.1333834 0.0008294914 0.009127392 0.0102306 -0.03901947 0 1015 49.83915 857.5579 1886.828 42.36588 -0.5869976 -0.8093861 0.009466128 -0.009734542 0.01875269 0.9997767 -0.0001191702 -0.0001911353 2.425874E-06 855.3672 1889.914 42.43667 -0.8148012 -0.579733 0.00296447
0.1292735 0.001189182 0.00913077 0.00763 0.02956211 0 1015 49.83915 857.4902 1886.736 42.36683 -0.5743901 -0.8183704 0.009746904 -0.009715256 0.01872634 0.9997774 -0.0001232639 -0.000174261 2.06751E-06 855.278 1889.85 42.437 -0.8148069 -0.5797249 0.002964667
0.1253823 0.00179641 0.009133653 0.0109038 0.05158007 0 1015 49.83915 857.4307 1886.643 42.36788 -0.4913957 -0.8707094 0.01152113 -0.009697245 0.01870172 0.999778 -9.382774E-05 -0.0001469022 1.839039E-06 855.1949 1889.791 42.4373 -0.8148122 -0.5797174 0.002964849
0.1131359 0.0005759422 0.009135802 0.0070534 -0.128875 0 1015 49.83915 857.2896 1886.681 42.3657 -0.5308579 -0.8472317 0.01068876 -0.009680614 0.01867898 0.9997786 -9.526174E-05 -0.0001776304 2.396874E-06 855.1185 1889.737 42.43758 -0.8148171 -0.5797105 0.002965016
0.1530758 0.0008069083 0.01792116 0.0064374 0.0260899 0 1015 49.83915 857.2294 1886.596 42.36659 -0.5793545 -0.8148448 0.009604795 -0.009663247 0.01865523 0.9997792 -0.9240761 -1.259176 0.01456824 855.0388 1889.68 42.43787 -0.8148223 -0.5797032 0.002965188
0.2213156 0.00151762 0.031373 0.0073612 0.03925733 0 1015 49.83915 857.1344 1886.451 42.3682 -0.5170353 -0.8557233 0.01095119 -0.009634632 0.0186161 0.9997802 -0.2028705 -0.2780631 0.003228444 854.9078 1889.587 42.43835 -0.8148308 -0.5796913 0.002965468
0.2208029 -0.01027552 0.03532997 0.0063234 -0.1195356 -0.07431574 1015 49.83915 856.9479 1886.408 42.36701 -0.4867378 -0.8732998 0.01154792 -0.009602856 0.01857262 0.9997814 -0.2562686 -0.459803 0.006080315 854.763 1889.484 42.43887 -0.8148404 -0.5796779 0.002965773
0.2511285 0.001405263 0.04219286 0.0067539 0.01372 0 1015 49.83915 856.8309 1886.239 42.3688 -0.5897518 -0.8073404 0.009315344 -0.009568295 0.01852532 0.9997826 -0.4411489 -0.6276486 0.007412951 854.6061 1889.372 42.43945 -0.8148508 -0.5796632 0.002966098
0.2877768 0.002781561 0.05061576 0.0321769 0.05802143 0 1015 49.83915 856.6997 1886.041 42.37097 -0.497592 -0.8671572 0.01127957 -0.009530417 0.01847346 0.9997839 -0.2241422 -0.3239222 0.003855835 854.4346 1889.25 42.44007 -0.8148625 -0.5796468 0.002966444
0.2721105 0.001769521 0.0530477 0.0067139 -0.02204654 0 1015 49.83915 856.4866 1885.962 42.37012 -0.5532944 -0.832733 0.01008804 -0.00948877 0.01841642 0.9997854 -0.2582884 -0.398148 0.004884474 854.2468 1889.117 42.44075 -0.8148755 -0.5796285 0.002966813
0.2715002 -0.032892 0.05809195 0.0210515 0.04148319 -0.2564821 1015 49.83915 856.263 1885.88 42.36926 -0.4635549 -0.8858048 0.01188689 -0.009448202 0.01836083 0.9997868 -1.161566E-05 -2.216098E-05 2.972243E-07 854.0647 1888.987 42.44141 -0.8148884 -0.5796104 0.002967161
0.2911313 0.002198928 0.06304327 0.0036501 0.02252295 0 1015 49.83915 856.1346 1885.671 42.3716 -0.5494019 -0.8352998 0.01012284 -0.009405829 0.01830275 0.9997882 -0.06541808 -0.1247436 0.001672495 853.8753 1888.853 42.4421 -0.8149019 -0.5795914 0.002967513
0.2663966 -0.008899715 0.06381641 0.0066723 -0.1231698 -0.002817038 1015 49.83915 855.9168 1885.585 42.37086 -0.4996573 -0.8659589 0.01112357 -0.009364394 0.01824592 0.9997897 -4.300291E-05 -8.054791E-05 1.067694E-06 853.6911 1888.722 42.44278 -0.8149151 -0.5795727 0.002967848
0.2674473 0.003051082 0.06550914 0.0026469 0.06118163 0 1015 49.83915 855.7936 1885.391 42.37299 -0.5161446 -0.8562368 0.01076571 -0.009324924 0.01819178 0.999791 -0.1848273 -0.288049 0.003519594 853.5166 1888.597 42.44341 -0.8149278 -0.579555 0.00296816
0.2468051 0.001620179 0.06664932 0.005466 -0.03189284 0 1015 49.83915 855.5887 1885.326 42.37202 -0.5481696 -0.8361031 0.01007804 -0.00928719 0.01813998 0.9997923 -6.052071E-05 -0.0001027388 1.302877E-06 853.3508 1888.479 42.44402 -0.8149398 -0.579538 0.002968452
0.2395041 0.003544141 0.06665109 0.0068089 0.08055355 0 1015 49.83915 855.476 1885.146 42.37399 -0.4788382 -0.8776344 0.01144905 -0.009250663 0.01808983 0.9997936 -5.661626E-05 -9.282379E-05 1.157209E-06 853.1912 1888.366 42.4446 -0.8149514 -0.5795218 0.002968729
0.2240529 0.001549563 0.06813782 0.0078655 -0.005994461 0 1015 49.83915 855.2808 1885.107 42.37268 -0.5669783 -0.8234688 0.009634256 -0.00921661 0.01804306 0.9997947 -0.05011052 -0.08702937 0.001110057 853.0433 1888.261 42.44514 -0.814962 -0.5795068 0.002968983
0.2216112 0.003141412 0.06889798 0.0074355 0.0725987 0 1015 49.83915 855.1763 1884.944 42.37444 -0.4927214 -0.8699191 0.01113321 -0.009182668 0.01799642 0.9997959 -0.01074672 -0.01865652 0.0002379194 852.8967 1888.157 42.44567 -0.8149725 -0.579492 0.002969234
0.2003941 0.001323564 0.06894457 0.0070075 -0.02456504 0 1015 49.83915 854.9913 1884.918 42.373 -0.569052 -0.8220374 0.009552558 -0.009151112 0.01795305 0.9997969 -8.226092E-05 -0.0001331491 1.639222E-06 852.7613 1888.06 42.44616 -0.8149822 -0.5794784 0.002969465
0.194918 0.00241779 0.06894685 0.0068341 0.05605014 0 1015 49.83915 854.8948 1884.774 42.37449 -0.5232666 -0.8519027 0.01048782 -0.009120132 0.01791045 0.999798 -7.772292E-05 -0.0001189884 1.424312E-06 852.6292 1887.966 42.44664 -0.8149915 -0.5794653 0.00296969
0.1759238 0.000897943 0.06894846 0.0155572 -0.08358698 0 1015 49.83915 854.723 1884.765 42.37291 -0.5460334 -0.8374977 0.01000541 -0.009092634 0.01787263 0.999799 -7.66685E-05 -0.0001339789 1.698533E-06 852.5125 1887.883 42.44707 -0.8149996 -0.5794539 0.002969888
0.170484 0.001604626 0.06895104 0.0059317 0.0346005 0 1015 49.83915 854.6374 1884.641 42.37417 -0.5567113 -0.8304401 0.009765753 -0.00906468 0.01783417 0.9997998 -9.049824E-05 -0.0001350207 1.589449E-06 852.3946 1887.8 42.4475 -0.8150077 -0.5794424 0.002970089
0.1535892 -0.009415563 0.06895289 0.0063306 0.005370078 -0.2498019 1015 49.83915 854.4707 1884.645 42.37243 -0.44811 -0.8937063 0.01185857 -0.009038677 0.01779838 0.9998007 -1.894515E-05 -3.768406E-05 4.996127E-07 852.2856 1887.722 42.4479 -0.8150151 -0.579432 0.002970275
0.1489563 0.0009663135 0.06895538 0.007929699 -0.006712545 0 1015 49.83915 854.3986 1884.532 42.37363 -0.5893162 -0.807638 0.009037138 -0.009014437 0.01776501 0.9998016 -0.0001119611 -0.0001695238 2.004092E-06 852.1844 1887.65 42.44827 -0.8150219 -0.5794225 0.002970449
0.1448453 0.001382812 0.0689586 0.0634002 0.02344314 0 1015 49.83915 854.3202 1884.42 42.37477 -0.5421486 -0.8400178 0.0100238 -0.008991756 0.01773378 0.9998023 -0.0001273757 -0.0001868275 2.169896E-06 852.0902 1887.583 42.44861 -0.8150282 -0.5794137 0.002970611
0.1309396 0.002494266 0.06896176 0.0058901 0.06441041 -0.3245502 1015 49.83915 854.1648 1884.443 42.37281 -0.4495876 -0.8929656 0.01177596 -0.008966845 0.01769947 0.9998031 0 0 0 851.987 1887.51 42.44899 -0.815035 -0.5794041 0.002970787
0.126947 0.0007700409 0.06896407 0.0069388 -0.02240383 0 1015 49.83915 854.1044 1884.347 42.37383 -0.5984758 -0.8008765 0.008799959 -0.008946204 0.01767104 0.9998038 -0.0001226059 -0.0001852393 2.178133E-06 851.9018 1887.449 42.4493 -0.8150406 -0.5793962 0.002970933
0.1234512 0.001074385 0.06896766 0.009276301 0.02607497 0 1015 49.83915 854.0388 1884.258 42.37468 -0.5820443 -0.8128938 0.009148279 -0.008925568 0.01764261 0.9998045 -0.0001309043 -0.0001810013 2.026889E-06 851.8168 1887.389 42.4496 -0.8150462 -0.5793884 0.002971078
0.1207886 0.0015667 0.06916492 0.0075414 0.04471057 0 1015 49.83915 853.9811 1884.17 42.3756 -0.5088353 -0.8605984 0.01063039 -0.008906017 0.01761566 0.9998052 -0.07768433 -0.1291022 0.001582831 851.7366 1887.332 42.4499 -0.8150514 -0.579381 0.002971214
0.1449354 -0.008667388 0.07856254 0.0103697 -0.1585681 0 1015 49.83915 853.8294 1884.191 42.37374 -0.5209937 -0.8532954 0.01037899 -0.008884012 0.01758534 0.9998059 -7.773457E-05 -0.0001434939 1.833692E-06 851.6465 1887.268 42.45023 -0.8150572 -0.5793729 0.002971366
0.1404654 0.0007917218 0.07856578 0.0033224 0.005728342 0 1015 49.83915 853.757 1884.092 42.37469 -0.6101204 -0.7920469 0.00849838 -0.008860435 0.01755284 0.9998067 -0.000133706 -0.0001858912 2.080189E-06 851.5504 1887.199 42.45058 -0.8150634 -0.5793642 0.002971529
0.1362364 0.001149345 0.07856926 0.0070707 0.03172657 0 1015 49.83915 853.6844 1883.993 42.37563 -0.5678186 -0.8228926 0.009401662 -0.008837276 0.0175209 0.9998075 -0.0001202101 -0.0001658703 1.845777E-06 851.4563 1887.133 42.45092 -0.8150694 -0.5793557 0.002971687
0.1321327 0.001749651 0.07857215 0.0131994 0.05007084 0 1015 49.83915 853.6229 1883.894 42.37668 -0.4836749 -0.8749847 0.01104281 -0.008815894 0.01749141 0.9998081 -8.507246E-05 -0.0001341383 1.597903E-06 851.3698 1887.071 42.45124 -0.8150749 -0.579348 0.002971832
0.1193147 0.0005743204 0.07857411 0.0070813 -0.08223689 0 1015 49.83915 853.477 1883.929 42.37465 -0.576505 -0.8168368 0.009195899 -0.008795749 0.01746363 0.9998088 -0.0001077548 -0.0001800112 2.197159E-06 851.2885 1887.013 42.45153 -0.81508 -0.5793408 0.002971968
0.1159027 0.0007720233 0.07857784 0.0031252 0.01385177 0 1015 49.83915 853.414 1883.847 42.3754 -0.6112386 -0.7911926 0.008432699 -0.008775557 0.01743577 0.9998095 -0.000144131 -0.0001947399 2.132527E-06 851.2072 1886.956 42.45183 -0.8150852 -0.5793335 0.002972104
0.1256906 0.001049478 0.08117789 0.009117 0.02889745 0 1015 49.83915 853.3535 1883.765 42.37618 -0.5660881 -0.8240936 0.009391638 -0.008756096 0.01740891 0.9998101 -0.1727341 -0.2375314 0.002624509 851.1292 1886.9 42.45211 -0.8150901 -0.5793267 0.002972234
0.1331607 0.001632024 0.08326969 0.0068723 0.04860388 0 1015 49.83915 853.2922 1883.666 42.37722 -0.4870994 -0.8730949 0.01092087 -0.008734163 0.01737865 0.9998109 -0.02894782 -0.03982411 0.0004401285 851.0416 1886.838 42.45243 -0.8150955 -0.579319 0.00297238
0.1212229 0.0005339411 0.08347747 0.0067958 -0.09164229 0 1015 49.83915 853.1451 1883.699 42.37524 -0.5728565 -0.8194125 0.009227039 -0.00871346 0.01735007 0.9998115 -0.0001092714 -0.0001844963 2.250208E-06 850.9592 1886.779 42.45273 -0.8151007 -0.5793118 0.002972516
0.1174926 0.0007191135 0.08348106 0.0073098 0.01130845 0 1015 49.83915 853.0818 1883.616 42.37599 -0.6134325 -0.7895094 0.008344749 -0.008693024 0.01732185 0.9998122 -0.0001470985 -0.0001977832 2.149118E-06 850.8782 1886.722 42.45303 -0.8151057 -0.5793047 0.00297265
0.1140046 0.0009765902 0.0834846 0.0291506 0.02570248 0 1015 49.83915 853.0206 1883.533 42.37677 -0.5704492 -0.8210981 0.009254836 -0.00867366 0.01729511 0.9998128 -0.0001365756 -0.0001866375 2.045062E-06 850.8017 1886.667 42.45331 -0.8151104 -0.5792981 0.002972776
0.1107841 0.001392002 0.083488 0.0071266 0.03981289 0 1015 49.83915 852.9687 1883.452 42.37759 -0.5061032 -0.8622394 0.01051147 -0.008654313 0.0172684 0.9998134 -0.000101165 -0.0001543646 1.791801E-06 850.7255 1886.613 42.45358 -0.8151151 -0.5792915 0.002972901
0.1000409 -0.004388764 0.08349042 0.003092 -0.1408925 -0.06387623 1015 49.83915 852.8312 1883.499 42.37548 -0.491764 -0.8704989 0.0107656 -0.00863653 0.01724383 0.999814 -7.04452E-05 -0.0001355735 1.73005E-06 850.6558 1886.564 42.45384 -0.8151193 -0.5792855 0.002973015
0.09714923 0.0005649832 0.08349412 0.0073257 -0.003947245 0 1015 49.83915 852.7797 1883.429 42.37614 -0.624132 -0.7811013 0.008072557 -0.00861942 0.01722019 0.9998146 -0.000161617 -0.0002216666 2.425866E-06 850.5888 1886.516 42.45408 -0.8151234 -0.5792797 0.002973125
0.0942036 0.0007091691 0.08349795 0.0066301 0.02036005 0 1015 49.83915 852.7285 1883.363 42.37672 -0.6017297 -0.7984882 0.00855676 -0.00860271 0.0171971 0.9998152 -0.0001570987 -0.0002047819 2.171867E-06 850.5237 1886.47 42.45432 -0.8151274 -0.5792742 0.002973231
0.09155057 0.0009160446 0.08350172 0.007031 0.02810334 0 1015 49.83915 852.6816 1883.298 42.37734 -0.5569626 -0.8303289 0.00948016 -0.008586704 0.01717498 0.9998156 -0.0001345015 -0.0001874479 2.066132E-06 850.4614 1886.426 42.45455 -0.8151312 -0.5792689 0.002973332
0.08877151 0.00125679 0.08350509 0.0053168 0.03863003 0 1015 49.83915 852.6398 1883.229 42.37806 -0.4897665 -0.8716456 0.01075585 -0.008571114 0.01715344 0.9998162 -9.914133E-05 -0.0001579263 1.860698E-06 850.4011 1886.383 42.45477 -0.8151348 -0.5792637 0.00297343
0.08022712 -0.004495017 0.08350754 0.0030931 -0.1588431 -0.05015609 1015 49.83915 852.5131 1883.293 42.37578 -0.4956883 -0.8682975 0.01063776 -0.008557102 0.01713407 0.9998166 -8.271724E-05 -0.0001604929 2.042778E-06 850.3469 1886.344 42.45496 -0.8151381 -0.5792591 0.002973518
0.07780045 0.0004409257 0.08351164 0.0065899 -0.008870575 0 1015 49.83915 852.4724 1883.238 42.37629 -0.6321235 -0.7746791 0.007859688 -0.008543412 0.01711514 0.9998171 -0.0001915568 -0.0002590625 2.799067E-06 850.2941 1886.307 42.45516 -0.8151413 -0.5792546 0.002973603
0.07562035 0.0005281029 0.08351675 0.0053825 0.0139013 0 1015 49.83915 852.4301 1883.186 42.37675 -0.62083 -0.783763 0.008105281 -0.008529573 0.01709601 0.9998175 -0.0002052447 -0.0002587946 2.675548E-06 850.2409 1886.269 42.45535 -0.8151445 -0.5792502 0.002973689
0.07344643 0.0006420531 0.08352145 0.0063566 0.01975597 0 1015 49.83915 852.3902 1883.133 42.37722 -0.5888023 -0.8080991 0.008787555 -0.00851618 0.01707749 0.9998179 -0.0001778341 -0.0002334598 2.474132E-06 850.1896 1886.232 42.45554 -0.8151476 -0.5792458 0.002973772
0.0713593 0.0007928303 0.08352564 0.0065418 0.02450498 0 1015 49.83915 852.3544 1883.081 42.37772 -0.5467788 -0.837102 0.009633129 -0.008503492 0.01705994 0.9998183 -0.0001472772 -0.0002105608 2.341369E-06 850.1411 1886.198 42.45572 -0.8151504 -0.5792418 0.00297385
0.07083726 6.233046E-20 0.08412656 0.0189471 0.02816096 0 1015 49.83915 678.7521 1763.283 42.89593 -0.76911 -0.6388185 -0.0003770816 0.03381893 -0.04130597 0.998574 -1.213327 -1.007868 -0.0005927575 679.1856 1762.722 43.00805 -0.792172 -0.6102961 0.001535336
2.996403 1.197417E-17 0.2677645 0.0068662 0.0002667613 0 1015 49.83915 657.85 1745.866 42.88888 -0.7618713 -0.6473874 -0.001548123 0.03314893 -0.04139895 0.9985926 -17.18439 -14.42921 -0.01731231 657.8776 1745.888 43.03868 -0.7752011 -0.6317142 0.0006249751
6.102587 1.075091E-15 0.4898022 0.013265 2.807923E-06 0 1015 49.83915 637.9268 1728.446 42.80768 -0.7444618 -0.6672766 -0.01133397 0.02111586 -0.04052604 0.9989553 -14.87506 -13.17233 -0.1775691 637.7023 1728.91 42.98277 -0.7600641 -0.6497977 -0.008084844
8.423532 8.968262E-20 0.6909452 0.0166454 2.811338E-08 0 1015 49.83915 617.8188 1710.1 42.31189 -0.7300189 -0.6826203 -0.02428953 0.01945518 -0.05632563 0.998223 -14.84693 -13.64513 -0.4067517 617.2305 1711.109 42.53926 -0.7465465 -0.6648656 -0.02494478
9.659918 4.193522E-12 0.9582174 0.023375 2.420394E-10 0 1015 49.83915 598.0223 1690.778 41.24916 -0.7014497 -0.7114363 -0.03470586 0.06280643 -0.110313 0.9919106 -23.33776 -22.79008 -1.001766 597.0613 1692.279 41.6165 -0.7079727 -0.705078 -0.04049575
11.50066 2.43917E-11 0.398946 0.0253903 6.830313E-11 0 1015 49.83915 579.5279 1670.158 40.01629 -0.6271343 -0.7776863 -0.0215205 0.1579666 -0.1543749 0.9753024 -37.85757 -41.9439 -1.639151 578.494 1671.595 40.5134 -0.6159552 -0.787161 -0.03125327
13.84905 8.463181E-16 1 0.0234627 3.937361E-12 0 1015 49.83915 562.9604 1647.414 40.11815 -0.5658541 -0.8232819 0.02970239 0.1338598 -0.05630833 0.989399 -36.71947 -48.33692 -0.09998432 562.7836 1648.184 40.32831 -0.5040798 -0.8633579 0.02273138
16.02843 2.00475E-20 1 0.0292662 3.509008E-14 0 1015 49.83915 548.5096 1623.403 41.76426 -0.4485062 -0.8889387 0.07911916 0.1475784 0.01356184 0.9889573 -31.7602 -50.29438 2.655819 549.6003 1623.765 41.71835 -0.4547901 -0.8875383 0.07376804
17.96732 3.446663E-15 1 0.0282616 8.781639E-15 0 1015 49.83915 538.326 1596.911 44.56517 -0.2981458 -0.946219 0.120279 0.2485399 0.04468277 0.9675905 -26.09019 -60.08239 5.774391 538.304 1597.882 44.66095 -0.3294982 -0.9348673 0.1321124
19.63654 1.236879E-15 1 0.028315 1.649287E-13 0 1015 49.83915 529.8926 1568.878 49.01808 -0.2809298 -0.9441516 0.1687405 0.317592 0.07444724 0.9453008 -15.73748 -44.87843 6.053473 529.9037 1569.904 49.07436 -0.2490058 -0.9548118 0.1622671
20.92455 1.390394E-19 0.3634511 0.0225006 7.08693E-14 0 1015 49.83915 521.8711 1541.387 54.4355 -0.2680666 -0.9434245 0.1903738 0.3627767 0.08419395 0.9280635 -10.55917 -33.69176 5.798532 523.2249 1541.867 54.02309 -0.2132879 -0.9613775 0.1739585
21.09914 1.726318E-29 0.5457244 0.0234568 5.622344E-16 0 1015 49.83915 514.6613 1513.528 59.36526 -0.2197691 -0.958635 0.1742112 0.1218617 0.1503553 0.9810927 -2.111637 -6.780274 1.173986 517.1819 1513.842 59.1204 -0.2061597 -0.9628482 0.1744178
20.92463 3.070641E-33 0.6500695 0.023123 4.934202E-18 0 1015 49.83915 509.0036 1485.617 63.59614 -0.1915526 -0.963119 0.1726027 -0.2050952 0.2120277 0.9554971 -4.718896 -23.22215 4.166609 511.0211 1486.094 64.03203 -0.2260566 -0.9602025 0.1640423
21.98932 6.677995E-28 1 0.0234711 4.018502E-20 0 1015 49.83915 502.2627 1457.342 68.10296 -0.2718377 -0.9494839 0.1413596 -0.2806057 0.2194513 0.9343991 -10.58433 -43.36739 7.11231 503.6 1457.942 68.51091 -0.2869035 -0.9482781 0.1358484
23.43861 4.129647E-33 1 0.0225268 3.217857E-22 0 1015 49.83915 491.3019 1429.891 70.86826 -0.4620647 -0.8796545 0.05492301 -0.3657265 0.2481173 0.8970405 -17.54412 -45.34383 5.132087 493.0449 1430.109 71.65502 -0.4421348 -0.8948823 0.06086203
24.81924 8.992645E-39 1 0.023439 2.710461E-24 0 1015 49.83915 473.5179 1406.656 69.22885 -0.6886709 -0.714561 -0.09629856 -0.4499546 0.321361 0.8332273 -27.90516 -38.64908 -1.066821 475.3504 1405.896 70.60516 -0.7210191 -0.6768263 -0.148442
0 0.2171447 0 0.1336275 -0.04077518 0 1015 49.83915 944.5912 1955.467 41.99718 -0.7844603 -0.6200714 0.009435997 -0.01717195 0.03692942 0.9991703 0 0 0 944.5912 1955.467 42.14706 -0.7843458 -0.6203176 0.002772211
0 1.399984E-17 0 0.0021421 -0.004250948 0 1015 49.83915 944.5912 1955.467 41.99706 -0.7844603 -0.6200714 0.009436063 -0.0171719 0.03692947 0.9991703 0 0 0 944.5914 1955.468 42.14706 -0.7843457 -0.6203177 0.002772298
0 1.399984E-17 0 0.0062457 -0.0004358331 0 1015 49.83915 944.5912 1955.467 41.99706 -0.7844603 -0.6200714 0.009436063 -0.0171719 0.03692947 0.9991703 0 0 0 944.5914 1955.468 42.14706 -0.7843457 -0.6203177 0.002772298
0 0 0 0.0055778 -3.955641E-05 0 1015 49.83915 453.9063 1390.359 64.7124 -0.7909315 -0.3484522 -0.0007142296 -0.0171719 0.03692947 0.9991703 0 0 0 944.5914 1955.468 42.14706 -0.7843457 -0.6203177 0.002772298
0 0 0 0.0050436 -4.272854E-07 0 1015 49.83915 428.8057 1379.679 55.59629 -0.9566663 -0.2037362 -0.008911297 -0.0171719 0.03692947 0.9991703 0 0 0 944.5914 1955.468 42.14706 -0.7843457 -0.6203177 0.002772298
0 0 0 0.0085888 -4.583404E-09 0 1015 49.83915 402.8153 1371.399 47.02721 -0.9088778 -0.3770539 -0.001684153 -0.0171719 0.03692947 0.9991703 0 0 0 944.5914 1955.468 42.14706 -0.7843457 -0.6203177 0.002772298
0 0 0 0.0454149 -4.780074E-11 0 1015 49.83915 378.1639 1359.949 46.49249 -0.8848848 -0.4368128 0.0009368933 -0.0171719 0.03692947 0.9991703 0 0 0 944.5914 1955.468 42.14706 -0.7843457 -0.6203177 0.002772298
0 0 0 0.0227241 -4.096706E-13 0 1015 49.83915 354.5331 1346.361 56.89512 -0.849906 -0.4219739 0.0009895926 -0.0171719 0.03692947 0.9991703 0 0 0 944.5914 1955.468 42.14706 -0.7843457 -0.6203177 0.002772298
0 0 0 0.0224679 -3.75062E-15 0 1015 49.83915 334.6823 1331.13 70.08281 -0.744776 -0.415655 0.002562829 -0.0171719 0.03692947 0.9991703 0 0 0 944.5914 1955.468 42.14706 -0.7843457 -0.6203177 0.002772298
0 0 0 0.0283432 -2.826529E-17 0 1015 49.83915 316.5609 1310.766 77.48259 -0.496498 -0.6678406 0.01615059 -0.0171719 0.03692947 0.9991703 0 0 0 944.5914 1955.468 42.14706 -0.7843457 -0.6203177 0.002772298
0 0 0 0.0284228 -2.097293E-19 0 1015 49.83915 303.4664 1286.169 74.91286 -0.2847469 -0.8562716 0.02675421 -0.0171719 0.03692947 0.9991703 0 0 0 944.5914 1955.468 42.14706 -0.7843457 -0.6203177 0.002772298
0 0 0 0.0305209 -1.421942E-21 0 1015 49.83915 293.5349 1259.828 68.49368 -0.3152993 -0.9295148 0.02893621 -0.0171719 0.03692947 0.9991703 0 0 0 944.5914 1955.468 42.14706 -0.7843457 -0.6203177 0.002772298
0 0 0 0.023335 -1.193783E-23 0 1015 49.83915 283.5432 1234.064 64.00583 -0.3855078 -0.9142849 0.0271667 -0.0171719 0.03692947 0.9991703 0 0 0 944.5914 1955.468 42.14706 -0.7843457 -0.6203177 0.002772298
0 0 0 0.0293392 -1.108571E-25 0 1015 49.83915 272.5396 1209.291 64.88097 -0.4074734 -0.9038916 0.02640505 -0.0171719 0.03692947 0.9991703 0 0 0 944.5914 1955.468 42.14706 -0.7843457 -0.6203177 0.002772298
0 0 0 0.0246246 -8.071594E-28 0 1015 49.83915 260.8452 1184.294 71.98954 -0.42633 -0.8951052 0.02575624 -0.0171719 0.03692947 0.9991703 0 0 0 944.5914 1955.468 42.14706 -0.7843457 -0.6203177 0.002772298
0 0 0 0.0309327 -7.562848E-30 0 1015 49.83915 250.0105 1161.117 80.10921 -0.4642206 -0.8392172 0.02303941 -0.0171719 0.03692947 0.9991703 0 0 0 944.5914 1955.468 42.14706 -0.7843457 -0.6203177 0.002772298
0 0 0 0.022493 -6.947364E-32 0 1015 49.83915 238.6797 1137.58 88.27622 -0.5024925 -0.7713522 0.01987337 -0.0171719 0.03692947 0.9991703 0 0 0 944.5914 1955.468 42.14706 -0.7843457 -0.6203177 0.002772298
0 0 0 0.0224771 -6.53528E-34 0 1015 49.83915 227.2153 1114.246 95.88551 -0.4125173 -0.7856335 0.02194753 -0.0171719 0.03692947 0.9991703 0 0 0 944.5914 1955.468 42.14706 -0.7843457 -0.6203177 0.002772298
0 0 0 0.0224243 -4.786935E-36 0 1015 49.83915 223.7547 1087.121 95.59776 0.2843316 -0.7793507 0.03369147 -0.0171719 0.03692947 0.9991703 0 0 0 944.5914 1955.468 42.14706 -0.7843457 -0.6203177 0.002772298
0 0 0 0.0224497 -4.504043E-38 0 1015 49.83915 232.406 1065.619 84.11321 0.6220137 -0.646061 0.03456852 -0.0171719 0.03692947 0.9991703 0 0 0 944.5914 1955.468 42.14706 -0.7843457 -0.6203177 0.002772298
0 0 0 0.0234339 -4.015365E-40 0 1015 49.83915 243.131 1043.921 73.51341 0.6170179 -0.6828397 0.03584201 -0.0171719 0.03692947 0.9991703 0 0 0 944.5914 1955.468 42.14706 -0.7843457 -0.6203177 0.002772298
0 0 0 0.0220969 -3.751276E-42 0 1015 49.83915 260.6659 1027.561 63.91349 0.8589557 -0.460235 0.03177249 -0.0171719 0.03692947 0.9991703 0 0 0 944.5914 1955.468 42.14706 -0.7843457 -0.6203177 0.002772298
0 0 0 0.0343431 -3.082857E-44 0 1015 49.83915 281.3036 1011.804 56.37733 0.7883229 -0.5341125 0.03328911 -0.0171719 0.03692947 0.9991703 0 0 0 944.5914 1955.468 42.14706 -0.7843457 -0.6203177 0.002772298
0 0 0 0.0224684 -4.203895E-45 0 1015 49.83915 303.692 996.1049 49.77521 0.845898 -0.4309591 0.03046604 -0.0171719 0.03692947 0.9991703 0 0 0 944.5914 1955.468 42.14706 -0.7843457 -0.6203177 0.002772298
0 1.757722E-14 0 0.0041111 2.054548E-13 0 1015 49.83915 944.5912 1955.467 41.99706 -0.7844603 -0.6200714 0.009436063 -0.0171719 0.03692947 0.9991703 0 0 0 944.5914 1955.468 42.14706 -0.7843457 -0.6203177 0.002772298
0 1.757722E-14 0 0.0043896 6.802404E-13 0 1015 49.83915 944.5912 1955.467 41.99706 -0.7844603 -0.6200714 0.009436063 -0.0171719 0.03692947 0.9991703 0 0 0 944.5914 1955.468 42.14706 -0.7843457 -0.6203177 0.002772298
0 1.757722E-14 0 0.0240432 5.448977E-13 0 1015 49.83915 944.5912 1955.467 41.99706 -0.7844603 -0.6200714 0.009436063 -0.0171719 0.03692947 0.9991703 0 0 0 944.5914 1955.468 42.14706 -0.7843457 -0.6203177 0.002772298
0 1.757722E-14 0 0.0061831 7.136986E-13 0 1015 49.83915 944.5912 1955.467 41.99706 -0.7844603 -0.6200714 0.009436063 -0.0171719 0.03692947 0.9991703 0 0 0 944.5914 1955.468 42.14706 -0.7843457 -0.6203177 0.002772298
0 1.757722E-14 0 0.0065209 6.618213E-13 0 1015 49.83915 944.5912 1955.467 41.99706 -0.7844603 -0.6200714 0.009436063 -0.0171719 0.03692947 0.9991703 0 0 0 944.5914 1955.468 42.14706 -0.7843457 -0.6203177 0.002772298
0 1.487207E-14 0 0.0061563 5.413043E-13 0 1015 49.83915 944.5912 1955.467 41.99706 -0.7844603 -0.6200714 0.009436063 -0.0171719 0.03692947 0.9991703 0 0 0 944.5914 1955.468 42.14706 -0.7843457 -0.6203177 0.002772298
0 1.487207E-14 0 0.00647 5.524136E-13 0 1015 49.83915 944.5912 1955.467 41.99706 -0.7844603 -0.6200714 0.009436063 -0.0171719 0.03692947 0.9991703 0 0 0 944.5914 1955.468 42.14706 -0.7843457 -0.6203177 0.002772298
0 1.46575E-14 0 0.0067131 5.460527E-13 0 1015 49.83915 944.5912 1955.467 41.99706 -0.7844603 -0.6200714 0.009436063 -0.0171719 0.03692947 0.9991703 0 0 0 944.5914 1955.468 42.14706 -0.7843457 -0.6203177 0.002772298
0 1.46575E-14 0 0.0064784 5.563026E-13 0 1015 49.83915 944.5912 1955.467 41.99706 -0.7844603 -0.6200714 0.009436063 -0.0171719 0.03692947 0.9991703 0 0 0 944.5914 1955.468 42.14706 -0.7843457 -0.6203177 0.002772298
0 0 0 0.0063703 8.423028E-14 0 1015 49.83915 944.5912 1955.467 41.99706 -0.7844603 -0.6200714 0.009436063 -0.0171719 0.03692947 0.9991703 0 0 0 944.5914 1955.468 42.14706 -0.7843457 -0.6203177 0.002772298
0 0 0 0.0068924 8.04666E-15 0 1015 49.83915 944.5912 1955.467 41.99706 -0.7844603 -0.6200714 0.009436063 -0.0171719 0.03692947 0.9991703 0 0 0 944.5914 1955.468 42.14706 -0.7843457 -0.6203177 0.002772298
0 0 0 0.0064164 8.522624E-16 0 1015 49.83915 944.5912 1955.467 41.99706 -0.7844603 -0.6200714 0.009436063 -0.0171719 0.03692947 0.9991703 0 0 0 944.5914 1955.468 42.14706 -0.7843457 -0.6203177 0.002772298
0.3069593 1.339322E-14 0.06185888 0.0028168 3.059968E-13 0 1015 49.83915 944.5565 1955.44 41.9973 -0.7844586 -0.620071 0.00942052 -0.01718446 0.0369203 0.9991704 -11.06869 -8.749177 0.1330826 944.5738 1955.454 42.1471 -0.7843679 -0.6202897 0.002759869
1.933978 7.011509E-15 0.3458717 0.0067656 2.903048E-13 0 1015 49.83915 943.8029 1954.845 41.99972 -0.7844369 -0.6200846 0.008812844 -0.01767386 0.03655889 0.9991751 -16.43783 -12.99347 0.1920566 943.8988 1954.921 42.14862 -0.7852413 -0.6191848 0.002222177
3.594563 1.065473E-14 0.6864051 0.0062046 3.381141E-13 0 1015 49.83915 941.9055 1953.345 42.00377 -0.7844048 -0.6201404 0.007206726 -0.01901139 0.0356588 0.9991831 -18.21677 -14.40097 0.1867219 941.9327 1953.376 42.15318 -0.787421 -0.6164127 0.001860319
5.269026 9.293496E-15 1 0.0064424 3.539374E-13 0 1015 49.83915 938.8239 1950.909 42.01246 -0.7843696 -0.6202124 0.005253349 -0.02080055 0.03476931 0.9991789 -16.04781 -12.68822 0.1274685 938.8488 1950.974 42.1607 -0.7903246 -0.6126852 0.001984633
6.713939 3.07204E-15 1 0.0110284 2.634532E-13 0 1015 49.83915 934.6408 1947.601 42.02613 -0.7843319 -0.6202676 0.003610149 -0.0224883 0.034252 0.9991602 -16.26145 -12.85913 0.0902793 934.683 1947.764 42.17151 -0.7936615 -0.608356 0.002122123
8.088677 4.23938E-15 1 0.0067639 1.680479E-13 0 1015 49.83915 929.5699 1943.592 42.04501 -0.7843301 -0.6202985 0.002992571 -0.02304747 0.03396247 0.9991573 -15.04477 -11.89809 0.06261877 929.5137 1943.825 42.18578 -0.7970831 -0.6038655 0.002263081
9.314329 1.758644E-15 1 0.0051861 8.545917E-14 0 1015 49.83915 923.6077 1938.876 42.06842 -0.7843064 -0.6202665 0.003267061 -0.02015106 0.03074397 0.9993241 -13.76749 -10.88805 0.05576264 923.4379 1939.249 42.20353 -0.8003495 -0.5995289 0.002398758
10.41048 3.344317E-16 0.09561335 0.0064047 2.89954E-14 0 1015 49.83915 916.7664 1933.466 42.09807 -0.7843106 -0.620257 0.003538685 -0.01888569 0.02958249 0.9993839 -13.29707 -10.51582 0.05817741 916.474 1934.061 42.22492 -0.8033742 -0.5954692 0.002522524
11.38376 6.347646E-17 0.3469895 0.0054674 7.307175E-15 0 1015 49.83915 909.3143 1927.572 42.13189 -0.7843153 -0.6202515 0.003750581 -0.01752189 0.02820017 0.9994488 -12.59358 -9.959299 0.05888925 908.8284 1928.421 42.24942 -0.8060037 -0.5919047 0.002630759
12.24275 6.069502E-18 0.5894826 0.0053246 1.313621E-15 0 1015 49.83915 901.1669 1921.129 42.17014 -0.7843208 -0.6202492 0.003910413 -0.01622474 0.02681808 0.9995087 -12.75227 -10.08467 0.06259574 900.4572 1922.3 42.27721 -0.8083258 -0.5887291 0.002723949
13.05148 4.39194E-19 0.8335629 0.0064114 1.82452E-16 0 1015 49.83915 892.3924 1914.19 42.21219 -0.7843245 -0.6202477 0.004023025 -0.01499821 0.02544908 0.9995636 -12.34333 -9.761191 0.06266342 891.4416 1915.758 42.308 -0.8102939 -0.5860171 0.002801918
13.77123 1.908241E-20 1 0.0064714 2.168123E-17 0 1015 49.83915 883.1656 1906.894 42.25661 -0.7843246 -0.6202452 0.004090806 -0.01381459 0.02406202 0.9996151 -12.92871 -10.22406 0.06702455 881.9219 1908.894 42.34127 -0.8119311 -0.5837463 0.002864807
14.47116 1.067389E-21 1 0.0059831 2.386416E-18 0 1015 49.83915 873.5196 1899.266 42.30177 -0.7843242 -0.6202445 0.004104189 -0.01246813 0.02238133 0.9996718 -12.04583 -9.525858 0.06299183 871.9395 1901.735 42.37678 -0.813265 -0.5818862 0.002913772
15.05157 4.105283E-23 1 0.0053389 2.564341E-19 0 1015 49.83915 863.4094 1891.271 42.34632 -0.784323 -0.6202447 0.004059857 -0.01088149 0.0203039 0.9997346 -11.41389 -9.026124 0.0593652 861.4587 1894.252 42.41456 -0.8143272 -0.5803985 0.002949839
15.57288 1.536426E-24 1 0.0062002 2.619606E-20 0 1015 49.83915 852.77 1882.858 42.38564 -0.7843196 -0.6202462 0.003918485 -0.008583492 0.01717054 0.9998158 -11.36218 -8.98528 0.05759706 850.449 1886.417 42.45459 -0.815132 -0.5792678 0.002973352
14.89186 -0.01501094 1 0.0127613 -0.0313574 0 1015 49.83915 841.7574 1874.354 42.40586 -0.7869278 -0.6169385 0.003552939 -0.004727242 0.01178829 0.9999194 -1.605071 -1.262394 0.007313933 839.2496 1878.466 42.49553 -0.8156773 -0.5784996 0.002985138
13.81272 5.397916E-25 1 0.006272 -0.008596404 0 1015 49.83915 831.76 1867.106 42.35854 -0.8131882 -0.5819296 0.002945604 0.005330812 -0.002387576 0.9999823 -10.8208 -7.855155 0.04012787 829.03 1871.223 42.53292 -0.8159469 -0.5781192 0.002984585
14.39723 8.649074E-25 1 0.0179302 -0.0008412142 0 1015 49.83915 821.4242 1859.792 42.13316 -0.8176107 -0.5755664 0.003162189 0.03613565 -0.0458472 0.9982923 -13.57273 -9.592882 0.05099051 818.9443 1864.078 42.56976 -0.816049 -0.577975 0.002975694
15.0377 4.664164E-27 1 0.0067042 -8.739097E-05 0 1015 49.83915 810.866 1852.368 41.91233 -0.8180023 -0.5749463 0.003440924 0.06677396 -0.08905477 0.9937863 -12.46378 -8.765665 0.05110336 808.187 1856.459 42.60888 -0.8159645 -0.5780944 0.002956301
15.54954 4.610402E-27 1 0.0062239 -9.05227E-06 0 1015 49.83915 799.8286 1844.611 41.85103 -0.8180642 -0.5749089 0.003547482 0.07930041 -0.1067245 0.9911212 -11.31096 -7.949409 0.04859858 797.1732 1848.652 42.64861 -0.8156744 -0.5785038 0.00292762
16.01658 3.147045E-27 1 0.0060594 -9.41615E-07 0 1015 49.83915 788.5304 1836.672 41.84689 -0.818066 -0.5749099 0.00360233 0.0855573 -0.1155426 0.989611 -11.26555 -7.917068 0.04937441 785.9096 1840.657 42.68878 -0.8151717 -0.5792122 0.002887002
16.38311 4.933191E-26 1 0.0062773 -9.861201E-08 0 1015 49.83915 776.8973 1828.496 41.98882 -0.8180897 -0.574917 0.003545126 0.07484998 -0.1003915 0.9921284 -10.75858 -7.560719 0.04704692 774.327 1832.417 42.72945 -0.8144232 -0.5802644 0.002832836
16.72933 4.844939E-24 1 0.006503 -1.030541E-08 0 1015 49.83915 765.0595 1820.177 42.28822 -0.8180366 -0.5748529 0.003324105 0.04431757 -0.05729817 0.9973731 -11.54698 -8.114429 0.04784625 762.5519 1824.012 42.76996 -0.8134061 -0.5816897 0.002764419
17.09512 3.860692E-23 1 0.0030978 -1.065489E-09 0 1015 49.83915 752.9015 1811.634 42.41185 -0.8180442 -0.5748532 0.003265395 0.03486971 -0.04394986 0.998425 -10.60944 -7.455445 0.04251188 750.387 1815.292 42.81071 -0.8120468 -0.5835862 0.002677323
17.35353 1.305718E-22 1 0.0103501 -1.080091E-10 0 1015 49.83915 740.3971 1802.847 42.47749 -0.8180426 -0.5748528 0.003284056 0.03284298 -0.04103213 0.9986179 -12.16273 -8.546956 0.04871285 738.1589 1806.478 42.85029 -0.8102957 -0.5860156 0.0025694
17.73147 5.447284E-22 1 0.0055789 -1.142614E-11 0 1015 49.83915 727.9564 1794.104 42.53453 -0.8180438 -0.5748565 0.003325941 0.03193315 -0.03966396 0.9987027 -12.92494 -9.082605 0.05227521 725.7292 1797.454 42.88876 -0.8080518 -0.5891064 0.00243581
17.99853 4.513744E-22 1 0.007457 -1.176868E-12 0 1015 49.83915 715.0581 1785.041 42.58961 -0.8180396 -0.5748576 0.003396479 0.03166588 -0.03916061 0.998731 -11.41077 -8.018622 0.04703269 713.0493 1788.164 42.92576 -0.8051497 -0.5930672 0.002264744
18.15373 2.697064E-20 1 0.005656 -1.212091E-13 0 1015 49.83915 701.9876 1775.856 42.64338 -0.8180363 -0.5748624 0.003519094 0.03197001 -0.03937997 0.9987127 -10.3265 -7.256757 0.04390284 700.1576 1778.607 42.96042 -0.8013317 -0.5982168 0.002046345
18.34075 4.239522E-19 1 0.0055403 -1.26378E-14 0 1015 49.83915 688.9461 1766.692 42.69714 -0.8180281 -0.5748695 0.003717932 0.0327795 -0.04018585 0.9986544 -10.71791 -7.531954 0.04775804 687.4068 1769.009 42.99093 -0.7963313 -0.6048581 0.001765325
18.4766 5.427311E-18 1 0.0060418 -1.205839E-15 0 1015 49.83915 675.6613 1757.355 42.75295 -0.8180169 -0.5748853 0.00408318 0.03462315 -0.04217403 0.9985102 -10.35783 -7.279165 0.05010255 674.5332 1759.121 43.01664 -0.7893786 -0.6139051 0.001382568
18.59538 3.489572E-16 1 0.0060625 8.312269E-15 0 1015 49.83915 662.366 1748.011 42.81987 -0.8180082 -0.5748898 0.00424023 0.03529246 -0.04285314 0.9984578 -10.21304 -7.177735 0.05429992 661.7816 1749.047 43.03499 -0.7793062 -0.6266429 0.0008416424
18.79671 4.083842E-15 1 0.0102147 1.217749E-13 0 1015 49.83915 648.8442 1738.51 42.89484 -0.8181782 -0.5746558 -0.001555028 0.02541348 -0.03888607 0.9989204 -12.31454 -8.651414 0.01331299 649.165 1738.658 43.04245 -0.7632601 -0.6460908 -0.0007168659
18.71457 9.939291E-18 1 0.0062069 2.721534E-13 0 1015 49.83915 635.3624 1729.043 42.89018 -0.8182936 -0.5744597 -0.006524103 0.0207248 -0.04086661 0.9989496 -2.306254 -1.619721 -0.00621814 636.565 1727.937 42.97001 -0.759635 -0.650288 -0.008945373
17.78054 4.980187E-20 1 0.0194083 2.912483E-14 0 1015 49.83915 622.4294 1719.966 42.75267 -0.8184053 -0.5742031 -0.01244785 0.01762442 -0.04677127 0.9987502 -0.104317 -0.07326355 -0.0002812602 624.9819 1717.937 42.7626 -0.7534146 -0.6572921 -0.01826429
15.6966 0.007688299 1 0.0051361 0.0703265 0 1015 49.83915 610.1486 1711.156 42.54588 -0.8119652 -0.5831209 -0.01858119 0.02250578 -0.06313154 0.9977514 0 0 0 613.4401 1707.711 42.40368 -0.74204 -0.6697599 -0.02825393
13.02336 2.628161E-24 1 0.0053978 0.02293808 0 1015 49.83915 601.1105 1702.997 42.29598 -0.7233012 -0.6895616 -0.03155187 0.03812774 -0.08554859 0.9956045 0 0 0 604.555 1699.528 42.01607 -0.7271963 -0.6855032 -0.03565255
12.43403 5.978727E-24 1 0.0066338 0.002389675 0 1015 49.83915 593.1591 1695.203 42.04535 -0.7089633 -0.7042041 -0.03326484 0.06439732 -0.1116759 0.9916558 0 0 0 596.6834 1691.902 41.59481 -0.7067911 -0.7062519 -0.04067386
11.06612 6.486636E-23 1 0.0058574 0.01465506 0 1015 49.83915 585.8599 1687.718 41.84034 -0.6994191 -0.713869 -0.02826933 0.100735 -0.1377154 0.9853357 0 0 0 589.5341 1684.497 41.16455 -0.6795535 -0.7324206 -0.04204004
9.224448 1.772683E-22 0 0.0067882 0.01928993 0 1015 49.83915 580.0182 1681.111 41.65345 -0.6653925 -0.7457532 -0.02566348 0.1338063 -0.1530817 0.9791125 0 0 0 583.7927 1678.063 40.81118 -0.6498815 -0.7590343 -0.03900049
0 3.042072E-12 0 0.0063801 0.007902118 0 1015 49.83915 577.1662 1677.648 41.54513 -0.6384494 -0.7689252 -0.02570396 0.148301 -0.1557824 0.9765953 0 0 0 580.9163 1674.625 40.64341 -0.6322019 -0.7739913 -0.03547315
0 5.586989E-12 0 0.006177 0.000822661 0 1015 49.83915 577.1662 1677.648 41.54513 -0.6330721 -0.7732726 -0.027214 0.148301 -0.1557824 0.9765953 0 0 0 580.9163 1674.625 40.64341 -0.6322019 -0.7739913 -0.03547315
0 2.181286E-11 0 0.0055356 8.631469E-05 0 1015 49.83915 577.1662 1677.648 41.54513 -0.6324953 -0.7737041 -0.02737044 0.148301 -0.1557824 0.9765953 0 0 0 580.9163 1674.625 40.64341 -0.6322019 -0.7739913 -0.03547315
0 2.181286E-11 0 0.0068877 8.75114E-06 0 1015 49.83915 577.1662 1677.648 41.54513 -0.6324189 -0.7737316 -0.02738644 0.148301 -0.1557824 0.9765953 0 0 0 580.9163 1674.625 40.64341 -0.6322019 -0.7739913 -0.03547315
0 2.181286E-11 0 0.0092564 9.105264E-07 0 1015 49.83915 577.1662 1677.648 41.54513 -0.632396 -0.7737158 -0.02738738 0.148301 -0.1557824 0.9765953 0 0 0 580.9163 1674.625 40.64341 -0.6322019 -0.7739913 -0.03547315
0 2.181286E-11 0 0.0065438 9.560517E-08 0 1015 49.83915 577.1662 1677.648 41.54513 -0.6323798 -0.7736961 -0.0273867 0.148301 -0.1557824 0.9765953 0 0 0 580.9163 1674.625 40.64341 -0.6322019 -0.7739913 -0.03547315
0 2.181286E-11 0 0.0059256 1.089158E-08 0 1015 49.83915 577.1662 1677.648 41.54513 -0.6323634 -0.7736757 -0.02738595 0.148301 -0.1557824 0.9765953 0 0 0 580.9163 1674.625 40.64341 -0.6322019 -0.7739913 -0.03547315
0 2.181286E-11 0 0.006282 1.853743E-09 0 1015 49.83915 577.1662 1677.648 41.54513 -0.6323466 -0.7736552 -0.02738521 0.148301 -0.1557824 0.9765953 0 0 0 580.9163 1674.625 40.64341 -0.6322019 -0.7739913 -0.03547315
0 2.181286E-11 0 0.0060462 8.979503E-10 0 1015 49.83915 577.1662 1677.648 41.54513 -0.6323301 -0.773635 -0.0273845 0.148301 -0.1557824 0.9765953 0 0 0 580.9163 1674.625 40.64341 -0.6322019 -0.7739913 -0.03547315
0 2.181286E-11 0 0.0055501 8.187471E-10 0 1015 49.83915 577.1662 1677.648 41.54513 -0.6323134 -0.7736145 -0.02738376 0.148301 -0.1557824 0.9765953 0 0 0 580.9163 1674.625 40.64341 -0.6322019 -0.7739913 -0.03547315
0 2.181286E-11 0 0.0048972 7.745837E-10 0 1015 49.83915 577.1662 1677.648 41.54513 -0.6322973 -0.7735947 -0.02738305 0.148301 -0.1557824 0.9765953 0 0 0 580.9163 1674.625 40.64341 -0.6322019 -0.7739913 -0.03547315
0 1.757502E-11 0 0.0053336 6.571526E-10 0 1015 49.83915 577.1662 1677.648 41.54513 -0.6322814 -0.7735751 -0.02738234 0.148301 -0.1557824 0.9765953 0 0 0 580.9163 1674.625 40.64341 -0.6322019 -0.7739913 -0.03547315
0 1.757502E-11 0 0.0027967 6.539259E-10 0 1015 49.83915 577.1662 1677.648 41.54513 -0.6322646 -0.7735544 -0.02738159 0.148301 -0.1557824 0.9765953 0 0 0 580.9163 1674.625 40.64341 -0.6322019 -0.7739913 -0.03547315
0 5.623397E-12 0 0.0273347 6.687102E-10 0 1015 49.83915 577.1662 1677.648 41.54513 -0.6322485 -0.7735347 -0.02738089 0.148301 -0.1557824 0.9765953 0 0 0 580.9163 1674.625 40.64341 -0.6322019 -0.7739913 -0.03547315
0 2.545839E-11 0 0.0074688 5.736112E-10 0 1015 49.83915 577.1662 1677.648 41.54513 -0.6322336 -0.7735163 -0.02738022 0.148301 -0.1557824 0.9765953 0 0 0 580.9163 1674.625 40.64341 -0.6322019 -0.7739913 -0.03547315
0 2.545839E-11 0 0.0058052 9.019174E-10 0 1015 49.83915 577.1662 1677.648 41.54513 -0.632217 -0.7734959 -0.02737947 0.148301 -0.1557824 0.9765953 0 0 0 580.9163 1674.625 40.64341 -0.6322019 -0.7739913 -0.03547315
0 2.199259E-11 0 0.006146 7.106829E-10 0 1015 49.83915 577.1662 1677.648 41.54513 -0.6322029 -0.7734785 -0.02737885 0.148301 -0.1557824 0.9765953 0 0 0 580.9163 1674.625 40.64341 -0.6322019 -0.7739913 -0.03547315
0 2.199259E-11 0 0.0087184 7.808275E-10 0 1015 49.83915 577.1662 1677.648 41.54513 -0.6321865 -0.7734584 -0.02737813 0.148301 -0.1557824 0.9765953 0 0 0 580.9163 1674.625 40.64341 -0.6322019 -0.7739913 -0.03547315
0 2.199259E-11 0 0.0049819 8.12706E-10 0 1015 49.83915 577.1662 1677.648 41.54513 -0.6321696 -0.7734376 -0.02737738 0.148301 -0.1557824 0.9765953 0 0 0 580.9163 1674.625 40.64341 -0.6322019 -0.7739913 -0.03547315
0 2.199259E-11 0 0.0100359 6.480713E-10 0 1015 49.83915 577.1662 1677.648 41.54513 -0.6321552 -0.77342 -0.02737676 0.148301 -0.1557824 0.9765953 0 0 0 580.9163 1674.625 40.64341 -0.6322019 -0.7739913 -0.03547315
0 2.143505E-11 0 0.0058141 7.415231E-10 0 1015 49.83915 577.1662 1677.648 41.54513 -0.6321391 -0.7734001 -0.02737603 0.148301 -0.1557824 0.9765953 0 0 0 580.9163 1674.625 40.64341 -0.6322019 -0.7739913 -0.03547315
0 2.199259E-11 0 0.0062695 7.997791E-10 0 1015 49.83915 577.1662 1677.648 41.54513 -0.6321227 -0.7733799 -0.0273753 0.148301 -0.1557824 0.9765953 0 0 0 580.9163 1674.625 40.64341 -0.6322019 -0.7739913 -0.03547315
0 7.593008E-12 0 0.0061829 3.602423E-10 0 1015 49.83915 577.1662 1677.648 41.54513 -0.6321058 -0.7733592 -0.02737457 0.148301 -0.1557824 0.9765953 0 0 0 580.9163 1674.625 40.64341 -0.6322019 -0.7739913 -0.03547315
0 7.593008E-12 0 0.005963 2.726476E-10 0 1015 49.83915 577.1662 1677.648 41.54513 -0.63209 -0.7733399 -0.02737387 0.148301 -0.1557824 0.9765953 0 0 0 580.9163 1674.625 40.64341 -0.6322019 -0.7739913 -0.03547315
0 7.593008E-12 0 0.0063502 2.621371E-10 0 1015 49.83915 577.1662 1677.648 41.54513 -0.6320738 -0.77332 -0.02737317 0.148301 -0.1557824 0.9765953 0 0 0 580.9163 1674.625 40.64341 -0.6322019 -0.7739913 -0.03547315
0 7.673013E-12 0 0.0054797 2.785241E-10 0 1015 49.83915 577.1662 1677.648 41.54513 -0.6320572 -0.7732995 -0.02737242 0.148301 -0.1557824 0.9765953 0 0 0 580.9163 1674.625 40.64341 -0.6322019 -0.7739913 -0.03547315
0 7.673013E-12 0 0.0059518 2.854862E-10 0 1015 49.83915 577.1662 1677.648 41.54513 -0.6320401 -0.7732784 -0.02737164 0.148301 -0.1557824 0.9765953 0 0 0 580.9163 1674.625 40.64341 -0.6322019 -0.7739913 -0.03547315
0 7.673013E-12 0 0.006151 2.654319E-10 0 1015 49.83915 577.1662 1677.648 41.54513 -0.6320246 -0.7732593 -0.02737095 0.148301 -0.1557824 0.9765953 0 0 0 580.9163 1674.625 40.64341 -0.6322019 -0.7739913 -0.03547315
0 7.673013E-12 0 0.0060038 2.68754E-10 0 1015 49.83915 577.1662 1677.648 41.54513 -0.6320087 -0.7732397 -0.02737025 0.148301 -0.1557824 0.9765953 0 0 0 580.9163 1674.625 40.64341 -0.6322019 -0.7739913 -0.03547315
0 7.673013E-12 0 0.0054979 2.842844E-10 0 1015 49.83915 577.1662 1677.648 41.54513 -0.6319919 -0.7732192 -0.02736954 0.148301 -0.1557824 0.9765953 0 0 0 580.9163 1674.625 40.64341 -0.6322019 -0.7739913 -0.03547315
0 7.673013E-12 0 0.0059672 2.794701E-10 0 1015 49.83915 577.1662 1677.648 41.54513 -0.6319759 -0.7731997 -0.02736884 0.148301 -0.1557824 0.9765953 0 0 0 580.9163 1674.625 40.64341 -0.6322019 -0.7739913 -0.03547315
0 4.04992E-12 0 0.0063639 3.103028E-10 0 1015 49.83915 577.1662 1677.648 41.54513 -0.6319591 -0.7731789 -0.02736808 0.148301 -0.1557824 0.9765953 0 0 0 580.9163 1674.625 40.64341 -0.6322019 -0.7739913 -0.03547315
0 8.561117E-12 0 0.0058454 2.940705E-10 0 1015 49.83915 577.1662 1677.648 41.54513 -0.6319427 -0.7731588 -0.02736736 0.148301 -0.1557824 0.9765953 0 0 0 580.9163 1674.625 40.64341 -0.6322019 -0.7739913 -0.03547315
0.3436223 0.005639757 0.05733666 0.005349 0.09890345 0 1015 49.83915 577.1442 1677.62 41.5441 -0.6005628 -0.7974041 -0.03594725 0.1483918 -0.1557855 0.976581 -13.37645 -16.91418 -0.6664734 580.8963 1674.6 40.64228 -0.6320723 -0.7740986 -0.03544313
0.5295291 2.808128E-23 0.1014846 0.0068986 0.1004729 0 1015 49.83915 577.3102 1676.883 41.40253 -0.4026925 -0.9103171 -0.08352842 0.1496781 -0.1558028 0.9763823 0 0 0 580.608 1674.246 40.62619 -0.6301991 -0.7756442 -0.03500236
0.5136805 1.255146E-23 0.1014846 0.0066293 0.01037057 0 1015 49.83915 577.1516 1676.456 41.35945 -0.3198688 -0.9409798 -0.1007278 0.1508417 -0.1557747 0.9762078 -3.070544E-37 -8.873364E-37 -9.421276E-38 580.3404 1673.916 40.61137 -0.6284445 -0.7770854 -0.03457822
0.4978231 5.220715E-24 0.1014846 0.0060451 0.001065167 0 1015 49.83915 577.0117 1676.036 41.31443 -0.3111147 -0.9437996 -0.1021357 0.1519283 -0.1557074 0.9760498 -2.52933E-35 -7.65753E-35 -8.28435E-36 580.0839 1673.598 40.59731 -0.6267492 -0.7784719 -0.03415826
0.4825117 2.209251E-24 0.1014846 0.0033289 0.0001105251 0 1015 49.83915 576.8779 1675.63 41.2706 -0.3101602 -0.9441398 -0.1019292 0.1529502 -0.1556045 0.9759064 -1.935744E-33 -5.890962E-33 -6.363643E-34 579.8362 1673.29 40.58384 -0.6250988 -0.7798161 -0.03373985
0.4678831 9.699792E-25 0.1014846 0.0066477 1.149648E-05 0 1015 49.83915 576.7488 1675.236 41.22798 -0.3099987 -0.9442123 -0.1015488 0.1538984 -0.1554708 0.9757786 -1.30103E-31 -3.962476E-31 -4.264544E-32 579.5997 1672.994 40.57112 -0.6235128 -0.7811025 -0.03332888
0.4535479 4.41465E-25 0.1014846 0.0057403 1.217009E-06 0 1015 49.83915 576.6245 1674.858 41.187 -0.3099213 -0.9442704 -0.1011407 0.1547916 -0.1553078 0.9756635 -7.22028E-30 -2.199763E-29 -2.35793E-30 579.3702 1672.706 40.55891 -0.6219646 -0.782353 -0.03291935
0.4395008 2.055394E-25 0.1014846 0.0054652 1.258595E-07 0 1015 49.83915 576.503 1674.487 41.14688 -0.3098601 -0.9443591 -0.1007197 0.1556412 -0.1551157 0.9755589 -3.695711E-28 -1.126278E-27 -1.202194E-28 579.1458 1672.423 40.54708 -0.6204392 -0.7835804 -0.03250789
0.426384 9.879932E-26 0.1014846 0.0060588 1.280238E-08 0 1015 49.83915 576.3842 1674.125 41.10773 -0.3097992 -0.9444543 -0.1002881 0.1564446 -0.1548979 0.975465 -1.692563E-26 -5.159662E-26 -5.483377E-27 578.9272 1672.147 40.53568 -0.6189449 -0.7847781 -0.03209726
0.4146067 4.790257E-26 0.1014846 0.0072092 1.342345E-09 0 1015 49.83915 576.2704 1673.778 41.07013 -0.3097331 -0.9445358 -0.09985341 0.157191 -0.1546607 0.9753826 -6.863617E-25 -2.092943E-24 -2.214579E-25 578.7183 1671.881 40.52487 -0.6175067 -0.7859267 -0.03169497
0.4031616 2.377396E-26 0.1014846 0.0127267 1.32304E-10 0 1015 49.83915 576.157 1673.433 41.0329 -0.3096596 -0.9446031 -0.09940498 0.1579029 -0.1544 0.9753088 -2.590351E-23 -7.90127E-23 -8.322392E-24 578.5127 1671.619 40.51435 -0.6160849 -0.787058 -0.03129051
0.3905587 1.228843E-26 0.1014846 0.0064625 1.41896E-11 0 1015 49.83915 576.0508 1673.109 40.99789 -0.3095823 -0.9446594 -0.09895547 0.1585651 -0.1541241 0.9752449 -7.217162E-22 -2.202106E-21 -2.308912E-22 578.3154 1671.367 40.50437 -0.6147135 -0.7881451 -0.03089404
0.3783551 6.498963E-27 0.1014846 0.0059376 1.480426E-12 0 1015 49.83915 575.9463 1672.79 40.96367 -0.3095059 -0.9447216 -0.09850299 0.1591876 -0.1538322 0.9751897 -1.973167E-20 -6.02242E-20 -6.285342E-21 578.1238 1671.12 40.49479 -0.6133766 -0.7892013 -0.03050151
0.3666787 3.532209E-27 0.1014846 0.0127999 1.483035E-13 0 1015 49.83915 575.8434 1672.477 40.93001 -0.3094336 -0.9448001 -0.09804828 0.159774 -0.153525 0.9751423 -5.251045E-19 -1.603213E-18 -1.665305E-19 577.9376 1670.88 40.48557 -0.6120707 -0.7902294 -0.03011239
0.3553676 1.993731E-27 0.1014846 0.0070073 1.613853E-14 0 1015 49.83915 575.7472 1672.183 40.89858 -0.3093642 -0.9448858 -0.0975984 0.1603181 -0.1532091 0.9751027 -1.066577E-17 -3.25741E-17 -3.367965E-18 577.7593 1670.65 40.47683 -0.6108143 -0.7912153 -0.02973274
0.3444099 1.145957E-27 0.1014846 0.0070098 1.624475E-15 0 1015 49.83915 575.6508 1671.889 40.86721 -0.3092932 -0.9449729 -0.097139 0.1608388 -0.1528759 0.9750692 -2.248007E-16 -6.867765E-16 -7.06738E-17 577.583 1670.421 40.46828 -0.6095667 -0.7921911 -0.0293507
0.3339201 6.687867E-28 0.1014846 0.006957 1.690712E-16 0 1015 49.83915 575.5587 1671.608 40.83729 -0.3092217 -0.9450543 -0.09668673 0.1613196 -0.1525385 0.9750426 -3.971201E-15 -1.213607E-14 -1.242923E-15 577.4148 1670.202 40.46021 -0.6083713 -0.7931232 -0.02897991
0.3235097 4.100067E-28 0.1014846 0.0068891 1.798954E-17 0 1015 49.83915 575.4701 1671.338 40.80862 -0.3091492 -0.945129 -0.09623956 0.161766 -0.1521967 0.975022 -6.324111E-14 -1.933266E-13 -1.970686E-14 577.2532 1669.991 40.45254 -0.607219 -0.7940189 -0.02861814
0.3137822 2.555886E-28 0.1014846 0.0064575 1.852133E-18 0 1015 49.83915 575.3835 1671.073 40.78056 -0.3090741 -0.9451984 -0.09578955 0.1621885 -0.1518451 0.9750066 -9.550858E-13 -2.92059E-12 -2.963116E-13 577.0949 1669.784 40.44511 -0.6060869 -0.7948963 -0.02825852
0.304236 1.66167E-28 0.1014846 0.0223181 1.90177E-19 0 1015 49.83915 575.2999 1670.815 40.75332 -0.3090008 -0.9452618 -0.09535591 0.162572 -0.1514993 0.9749966 -1.40468E-11 -4.296766E-11 -4.338771E-12 576.9462 1669.589 40.43821 -0.6050195 -0.7957211 -0.02791572
0.2948722 1.117535E-28 0.1014846 0.0055269 1.974547E-20 0 1015 49.83915 575.2189 1670.567 40.7272 -0.308924 -0.9453316 -0.09489889 0.1629533 -0.1511276 0.9749906 -1.682001E-10 -5.146666E-10 -5.172504E-11 576.793 1669.387 40.43117 -0.6039163 -0.7965711 -0.0275577
0.2863382 7.925627E-29 0.1014846 0.0066148 2.069419E-21 0 1015 49.83915 575.1406 1670.328 40.70216 -0.3088521 -0.9454014 -0.09446412 0.1632956 -0.1507674 0.9749892 -1.906414E-09 -5.835117E-09 -5.837237E-10 576.6506 1669.199 40.4247 -0.6028866 -0.7973623 -0.0272201
0.2774266 5.846093E-29 0.1014846 0.0058049 2.127847E-22 0 1015 49.83915 575.0637 1670.093 40.6777 -0.3087816 -0.9454782 -0.09402764 0.1636207 -0.1503992 0.9749916 -2.028717E-08 -6.211382E-08 -6.18442E-09 576.5104 1669.013 40.41839 -0.60187 -0.7981413 -0.02688355
0.2701129 4.342899E-29 0.1014846 0.0168635 2.209881E-23 0 1015 49.83915 574.99 1669.866 40.65422 -0.308715 -0.9455547 -0.09360969 0.1639151 -0.1500413 0.9749973 -2.238248E-07 -6.854924E-07 -6.794603E-08 576.3788 1668.838 40.41253 -0.6009129 -0.7988728 -0.02656372
0.2620066 3.71066E-29 0.1014846 0.0063058 2.316664E-24 0 1015 49.83915 574.9182 1669.647 40.63149 -0.3086481 -0.945639 -0.0931783 0.1642027 -0.1496663 0.9750065 -1.814565E-06 -5.559047E-06 -5.4842E-07 576.2455 1668.661 40.40665 -0.5999406 -0.7996142 -0.02623576
0.2537656 3.276415E-29 0.1014846 0.0064008 2.396897E-25 0 1015 49.83915 574.848 1669.431 40.60936 -0.3085833 -0.9457228 -0.09275781 0.1644678 -0.149296 0.9750186 -1.567338E-05 -4.803087E-05 -4.716593E-06 576.1179 1668.49 40.40109 -0.599008 -0.8003234 -0.02591832
0.2467238 2.91152E-29 0.1014872 0.0075786 2.537608E-26 0 1015 49.83915 574.7798 1669.224 40.58816 -0.3085187 -0.9458027 -0.09234535 0.1647135 -0.1489285 0.9750333 -0.0001303483 -0.0003995656 -3.90627E-05 575.9949 1668.326 40.39579 -0.598108 -0.8010063 -0.02560924
0.2391646 3.061419E-29 0.1015064 0.0064524 3.685359E-27 0 1015 49.83915 574.7146 1669.024 40.56787 -0.3084547 -0.9458783 -0.09194163 0.1649409 -0.1485651 0.9750503 -0.0008994118 -0.002757835 -0.0002683954 575.8765 1668.167 40.39074 -0.5972407 -0.8016627 -0.02530883
0.2326079 3.613727E-29 0.1016472 0.0062144 1.468959E-27 0 1015 49.83915 574.6503 1668.828 40.54792 -0.3083881 -0.9459452 -0.09153718 0.1651559 -0.1481981 0.9750697 -0.006435193 -0.01973768 -0.00191231 575.7599 1668.011 40.38583 -0.5963863 -0.802308 -0.02501036
0.2308582 5.192509E-29 0.1026468 0.0063256 1.403777E-27 0 1015 49.83915 574.5883 1668.637 40.52872 -0.3083197 -0.9460024 -0.09113961 0.1653554 -0.1478345 0.975091 -0.04713621 -0.1446135 -0.01395077 575.6474 1667.859 40.38113 -0.5955598 -0.8029307 -0.02471931
0.3938178 6.547647E-25 0.1328015 0.0060935 1.010942E-23 0 1015 49.83915 574.5184 1668.424 40.50727 -0.3082413 -0.9460644 -0.09068882 0.1655684 -0.1474184 0.9751179 -3.117616 -9.568088 -0.9180976 575.5219 1667.69 40.37594 -0.5946366 -0.8036246 -0.02439149
1.807814 4.978596E-23 0.3892463 0.0062865 3.538056E-22 0 1015 49.83915 574.2373 1667.561 40.42186 -0.3079258 -0.9463535 -0.08882087 0.1663164 -0.1456499 0.9752566 -6.472238 -19.87734 -1.886523 575.022 1667.011 40.35589 -0.5909426 -0.8063841 -0.0230516
3.52302 9.127106E-15 0.7356745 0.0064756 4.834375E-14 0 1015 49.83915 573.5119 1665.328 40.21111 -0.3070076 -0.9471573 -0.08343165 0.1674699 -0.1402422 0.9758517 -7.01195 -21.5878 -1.969083 573.7257 1665.219 40.30887 -0.5812701 -0.8134809 -0.01933384
5.177935 8.16787E-15 1 0.0060921 1.000047E-12 0 1015 49.83915 572.3405 1661.7 39.90961 -0.3052469 -0.9485734 -0.07316223 0.1668508 -0.1290849 0.9774958 -6.567274 -20.32971 -1.686498 571.6406 1662.24 40.2504 -0.5655383 -0.8246251 -0.0126391
6.676123 1.384799E-17 1 0.0029263 1.227971E-13 0 1015 49.83915 570.7635 1656.773 39.60421 -0.3024648 -0.9506062 -0.05657527 0.1609842 -0.1095975 0.9808528 -6.071904 -18.97476 -1.298283 568.848 1658.055 40.21188 -0.5447233 -0.8386124 -0.002453585
8.021228 5.988466E-25 1 0.008162401 1.28223E-14 0 1015 49.83915 568.8305 1650.653 39.42049 -0.2988776 -0.9527993 -0.03379507 0.1469817 -0.08107175 0.9858112 -5.771549 -18.27425 -0.8599187 565.5417 1652.804 40.23777 -0.5214689 -0.8532 0.01095349
7.401934 2.997419E-25 1 0.0098956 -0.07235989 0 1015 49.83915 566.1 1644.63 39.55737 -0.4805348 -0.8757678 0.01867428 0.1314355 -0.05100849 0.9900119 -5.996685 -12.51019 0.08722052 562.1478 1647.09 40.3588 -0.5003955 -0.8654225 0.02546872
8.476374 4.755889E-24 1 0.0059429 -0.007561275 0 1015 49.83915 562.5155 1638.718 39.90225 -0.533475 -0.8436137 0.04434143 0.1240703 -0.02632135 0.9919246 -9.83923 -16.28105 0.6529514 558.6921 1640.965 40.59011 -0.4827231 -0.8748522 0.04015435
9.671246 9.942431E-23 1 0.0065111 -0.0007888707 0 1015 49.83915 558.2444 1632.017 40.37666 -0.5367396 -0.8402825 0.06406189 0.1284273 -0.006428763 0.9916982 -9.22149 -14.52764 0.9541525 554.9053 1633.958 40.97166 -0.4680109 -0.881992 0.05527925
10.71383 9.381741E-18 0.1735783 0.0073763 -8.155197E-05 0 1015 49.83915 553.4232 1624.457 41.01614 -0.5344266 -0.839856 0.08535193 0.1429158 0.009637063 0.9896879 -8.907884 -13.98307 1.277692 550.7627 1626.027 41.53503 -0.4570426 -0.8866848 0.07001649
11.66959 8.230087E-15 0.44676 0.0059909 -8.359506E-06 0 1015 49.83915 548.1986 1616.223 41.85968 -0.5309551 -0.8394194 0.1082375 0.1630743 0.02403068 0.9863212 -9.168679 -14.45643 1.684628 546.3263 1617.308 42.29279 -0.4387572 -0.8944281 0.08654299
12.54542 1.115592E-12 0.693624 0.00622 -8.680727E-07 0 1015 49.83915 542.5623 1607.271 43.11147 -0.5250854 -0.83839 0.1399952 0.2045341 0.03524468 0.9782238 -8.337652 -13.25809 2.012061 542.0176 1607.675 43.36081 -0.3764165 -0.9195115 0.1131776
13.30586 6.303315E-25 0.930459 0.0064656 -9.072483E-08 0 1015 49.83915 536.657 1597.781 44.94376 -0.5173032 -0.8370271 0.1730906 0.2502493 0.04533261 0.9671199 -8.011984 -12.89836 2.477146 538.1323 1597.393 44.73022 -0.3274908 -0.935461 0.1329022
6.233849E-15 2.747987E-17 0.04346089 0.0063427 -9.45244E-09 0 1015 49.83915 534.3556 1594.048 45.78592 -0.5141467 -0.8364356 0.1849622 0.2632837 0.05119174 0.9633593 -1.182039 -1.903059 0.3658171 536.7061 1593.203 45.33842 -0.3113704 -0.9400423 0.1391718
1.118947E-15 2.747987E-17 0.06021702 0.0054601 -9.504785E-10 0 1015 49.83915 534.3556 1594.048 45.78592 -0.5141467 -0.8364356 0.1849622 0.2632837 0.05119174 0.9633593 -0.2121709 -0.3415909 0.0656626 536.7061 1593.203 45.33842 -0.3113704 -0.9400423 0.1391718
2.008577E-16 2.80529E-17 0.06314399 0.0065818 -1.007484E-10 0 1015 49.83915 534.3556 1594.048 45.78592 -0.5141467 -0.8364356 0.1849622 0.2632837 0.05119174 0.9633593 -0.03808596 -0.06131761 0.01178684 536.7061 1593.203 45.33842 -0.3113704 -0.9400423 0.1391718
3.916785E-17 2.80529E-17 0.06372005 0.006201 -1.041236E-11 0 1015 49.83915 534.3556 1594.048 45.78592 -0.5141467 -0.8364356 0.1849622 0.2632837 0.05119174 0.9633593 -0.007426704 -0.01195684 0.002298415 536.7061 1593.203 45.33842 -0.3113704 -0.9400423 0.1391718
7.030937E-18 2.80529E-17 0.06382144 0.009492501 -1.101653E-12 0 1015 49.83915 534.3556 1594.048 45.78592 -0.5141467 -0.8364356 0.1849622 0.2632837 0.05119174 0.9633593 -0.001333152 -0.002146346 0.0004125834 536.7061 1593.203 45.33842 -0.3113704 -0.9400423 0.1391718
1.42896E-18 3.514296E-17 0.06384074 0.0067106 -1.104473E-13 0 1015 49.83915 534.3556 1594.048 45.78592 -0.5141467 -0.8364356 0.1849622 0.2632837 0.05119174 0.9633593 -0.0002709484 -0.000436221 8.3853E-05 536.7061 1593.203 45.33842 -0.3113704 -0.9400423 0.1391718
2.461115E-19 3.514296E-17 0.06384449 0.0094953 -1.01288E-14 0 1015 49.83915 534.3556 1594.048 45.78592 -0.5141467 -0.8364356 0.1849622 0.2632837 0.05119174 0.9633593 -4.666577E-05 -7.513087E-05 1.44421E-05 536.7061 1593.203 45.33842 -0.3113704 -0.9400423 0.1391718
4.700871E-20 3.514296E-17 0.06384489 0.0050073 1.908111E-17 0 1015 49.83915 534.3556 1594.048 45.78592 -0.5141467 -0.8364356 0.1849622 0.2632837 0.05119174 0.9633593 -8.913433E-06 -1.435043E-05 2.758524E-06 536.7061 1593.203 45.33842 -0.3113704 -0.9400423 0.1391718
8.614914E-21 3.514296E-17 0.06384489 0.0063482 1.111965E-15 0 1015 49.83915 534.3556 1594.048 45.78592 -0.5141467 -0.8364356 0.1849622 0.2632837 0.05119174 0.9633593 -1.633495E-06 -2.629889E-06 5.055328E-07 536.7061 1593.203 45.33842 -0.3113704 -0.9400423 0.1391718
1.679904E-21 3.514296E-17 0.06384489 0.0061636 1.210506E-15 0 1015 49.83915 534.3556 1594.048 45.78592 -0.5141467 -0.8364356 0.1849622 0.2632837 0.05119174 0.9633593 -3.185305E-07 -5.12827E-07 9.857862E-08 536.7061 1593.203 45.33842 -0.3113704 -0.9400423 0.1391718
5.321427E-18 3.514296E-17 0.06384489 0.0224682 1.152458E-15 0 1015 49.83915 534.3556 1594.048 45.78592 -0.5141467 -0.8364356 0.1849622 0.2632837 0.05119174 0.9633593 -5.959512E-08 -9.594678E-08 1.844345E-08 536.7061 1593.203 45.33842 -0.3113704 -0.9400423 0.1391718
5.526406E-23 3.514296E-17 0.06384489 0.005435 1.245931E-15 0 1015 49.83915 534.3556 1594.048 45.78592 -0.5141467 -0.8364356 0.1849622 0.2632837 0.05119174 0.9633593 -1.047875E-08 -1.687055E-08 3.242955E-09 536.7061 1593.203 45.33842 -0.3113704 -0.9400423 0.1391718
9.920383E-24 3.514296E-17 0.06384489 0.0059747 1.251433E-15 0 1015 49.83915 534.3556 1594.048 45.78592 -0.5141467 -0.8364356 0.1849622 0.2632837 0.05119174 0.9633593 -1.881027E-09 -3.028413E-09 5.821389E-10 536.7061 1593.203 45.33842 -0.3113704 -0.9400423 0.1391718
1.894855E-24 3.514296E-17 0.06384489 0.0062876 1.195165E-15 0 1015 49.83915 534.3556 1594.048 45.78592 -0.5141467 -0.8364356 0.1849622 0.2632837 0.05119174 0.9633593 -3.592878E-10 -5.784456E-10 1.111922E-10 536.7061 1593.203 45.33842 -0.3113704 -0.9400423 0.1391718
3.263593E-25 3.514296E-17 0.06384489 0.0059323 1.256234E-15 0 1015 49.83915 534.3556 1594.048 45.78592 -0.5141467 -0.8364356 0.1849622 0.2632837 0.05119174 0.9633593 -6.188169E-11 -9.962828E-11 1.915116E-11 536.7061 1593.203 45.33842 -0.3113704 -0.9400423 0.1391718
5.981524E-26 3.514296E-17 0.06384489 0.0063474 1.253819E-15 0 1015 49.83915 534.3556 1594.048 45.78592 -0.5141467 -0.8364356 0.1849622 0.2632837 0.05119174 0.9633593 -1.134168E-11 -1.82599E-11 3.510083E-12 536.7061 1593.203 45.33842 -0.3113704 -0.9400423 0.1391718
1.096793E-26 3.514296E-17 0.06384489 0.0060583 1.232278E-15 0 1015 49.83915 534.3556 1594.048 45.78592 -0.5141467 -0.8364356 0.1849622 0.2632837 0.05119174 0.9633593 -2.079637E-12 -3.348197E-12 6.436739E-13 536.7061 1593.203 45.33842 -0.3113704 -0.9400423 0.1391718
2.10097E-27 3.514296E-17 0.06384489 0.005456 1.230758E-15 0 1015 49.83915 534.3556 1594.048 45.78592 -0.5141467 -0.8364356 0.1849622 0.2632837 0.05119174 0.9633593 -3.983525E-13 -6.41363E-13 1.233519E-13 536.7061 1593.203 45.33842 -0.3113704 -0.9400423 0.1391718
3.753922E-28 3.514296E-17 0.06384489 0.0068089 1.258215E-15 0 1015 49.83915 534.3556 1594.048 45.78592 -0.5141467 -0.8364356 0.1849622 0.2632837 0.05119174 0.9633593 -7.116227E-14 -1.145929E-13 2.209184E-14 536.7061 1593.203 45.33842 -0.3113704 -0.9400423 0.1391718
1.424819E-15 3.514296E-17 0.0643203 0.009930801 6.632883E-09 0 1015 49.83915 534.3556 1594.048 45.78592 -0.5141467 -0.8364356 0.1849622 0.2632837 0.05119174 0.9633593 -0.2669096 -0.4342198 0.09601966 536.7061 1593.203 45.33842 -0.3113704 -0.9400423 0.1391718
2.453965E-16 3.514296E-17 0.06802468 0.0051 6.974573E-10 0 1015 49.83915 534.3556 1594.048 45.78592 -0.5141467 -0.8364356 0.1849622 0.2632837 0.05119174 0.9633593 -0.0459693 -0.07478478 0.01653726 536.7061 1593.203 45.33842 -0.3113704 -0.9400423 0.1391718
4.785194E-17 3.514296E-17 0.06868057 0.0060806 7.221164E-11 0 1015 49.83915 534.3556 1594.048 45.78592 -0.5141467 -0.8364356 0.1849622 0.2632837 0.05119174 0.9633593 -0.008963941 -0.01458292 0.00322474 536.7061 1593.203 45.33842 -0.3113704 -0.9400423 0.1391718
1.013628E-17 3.514296E-17 0.06881266 0.0060415 7.360055E-12 0 1015 49.83915 534.3556 1594.048 45.78592 -0.5141467 -0.8364356 0.1849622 0.2632837 0.05119174 0.9633593 -0.001898795 -0.003089039 0.0006830836 536.7061 1593.203 45.33842 -0.3113704 -0.9400423 0.1391718
1.936083E-18 3.514296E-17 0.06884059 0.0051914 7.822048E-13 0 1015 49.83915 534.3556 1594.048 45.78592 -0.5141467 -0.8364356 0.1849622 0.2632837 0.05119174 0.9633593 -0.0003626802 -0.000590023 0.0001304727 536.7061 1593.203 45.33842 -0.3113704 -0.9400423 0.1391718
3.69803E-19 3.514296E-17 0.06884579 0.0057616 8.271944E-14 0 1015 49.83915 534.3556 1594.048 45.78592 -0.5141467 -0.8364356 0.1849622 0.2632837 0.05119174 0.9633593 -6.927399E-05 -0.0001126978 2.492102E-05 536.7061 1593.203 45.33842 -0.3113704 -0.9400423 0.1391718
6.918786E-20 3.514296E-17 0.06884659 0.006013 9.541928E-15 0 1015 49.83915 534.3556 1594.048 45.78592 -0.5141467 -0.8364356 0.1849622 0.2632837 0.05119174 0.9633593 -1.296074E-05 -2.108506E-05 4.66257E-06 536.7061 1593.203 45.33842 -0.3113704 -0.9400423 0.1391718
1.216547E-20 3.514296E-17 0.06884659 0.0062306 2.12107E-15 0 1015 49.83915 534.3556 1594.048 45.78592 -0.5141467 -0.8364356 0.1849622 0.2632837 0.05119174 0.9633593 -2.278916E-06 -3.707436E-06 8.198306E-07 536.7061 1593.203 45.33842 -0.3113704 -0.9400423 0.1391718
2.473422E-21 3.514296E-17 0.06884659 0.0063907 1.29809E-15 0 1015 49.83915 534.3556 1594.048 45.78592 -0.5141467 -0.8364356 0.1849622 0.2632837 0.05119174 0.9633593 -4.631647E-07 -7.534957E-07 1.666216E-07 536.7061 1593.203 45.33842 -0.3113704 -0.9400423 0.1391718
4.260003E-22 3.514296E-17 0.06884659 0.0068983 1.263483E-15 0 1015 49.83915 534.3556 1594.048 45.78592 -0.5141467 -0.8364356 0.1849622 0.2632837 0.05119174 0.9633593 -7.97714E-08 -1.297754E-07 2.869744E-08 536.7061 1593.203 45.33842 -0.3113704 -0.9400423 0.1391718
8.136852E-23 3.514296E-17 0.06884659 0.0060398 1.190973E-15 0 1015 49.83915 534.3556 1594.048 45.78592 -0.5141467 -0.8364356 0.1849622 0.2632837 0.05119174 0.9633593 -1.523679E-08 -2.478786E-08 5.481376E-09 536.7061 1593.203 45.33842 -0.3113704 -0.9400423 0.1391718
1.437335E-23 3.514296E-17 0.06884659 0.0028576 1.25488E-15 0 1015 49.83915 534.3556 1594.048 45.78592 -0.5141467 -0.8364356 0.1849622 0.2632837 0.05119174 0.9633593 -2.67912E-09 -4.358507E-09 9.638033E-10 536.7061 1593.203 45.33842 -0.3113704 -0.9400423 0.1391718
2.745395E-24 3.514296E-17 0.06884659 0.0034806 1.237572E-15 0 1015 49.83915 534.3556 1594.048 45.78592 -0.5141467 -0.8364356 0.1849622 0.2632837 0.05119174 0.9633593 -5.117278E-10 -8.325005E-10 1.840921E-10 536.7061 1593.203 45.33842 -0.3113704 -0.9400423 0.1391718
5.137578E-25 3.514296E-17 0.06884659 0.009427399 1.1953E-15 0 1015 49.83915 534.3556 1594.048 45.78592 -0.5141467 -0.8364356 0.1849622 0.2632837 0.05119174 0.9633593 -9.574212E-11 -1.557574E-10 3.444288E-11 536.7061 1593.203 45.33842 -0.3113704 -0.9400423 0.1391718
9.107309E-26 4.165139E-17 0.06884659 0.0068726 1.353421E-15 0 1015 49.83915 534.3556 1594.048 45.78592 -0.5141467 -0.8364356 0.1849622 0.2632837 0.05119174 0.9633593 -1.791428E-11 -2.914372E-11 6.444599E-12 536.7061 1593.203 45.33842 -0.3113704 -0.9400423 0.1391718
4.212339E-16 4.165139E-17 0.07193089 0.0066374 5.304342E-13 0 1015 49.83915 534.3556 1594.048 45.78592 -0.5141467 -0.8364356 0.1849622 0.2632837 0.05119174 0.9633593 -0.08285766 -0.1347964 0.02980771 536.7061 1593.203 45.33842 -0.3113704 -0.9400423 0.1391718
8.38572E-17 4.165139E-17 0.0731727 0.0051489 5.629626E-14 0 1015 49.83915 534.3556 1594.048 45.78592 -0.5141467 -0.8364356 0.1849622 0.2632837 0.05119174 0.9633593 -0.0164949 -0.02683461 0.005933979 536.7061 1593.203 45.33842 -0.3113704 -0.9400423 0.1391718
1.739904E-17 4.262289E-17 0.07341136 0.0067477 6.977147E-15 0 1015 49.83915 534.3556 1594.048 45.78592 -0.5141467 -0.8364356 0.1849622 0.2632837 0.05119174 0.9633593 -0.003422487 -0.005567847 0.001231227 536.7061 1593.203 45.33842 -0.3113704 -0.9400423 0.1391718
3.685632E-18 4.262289E-17 0.07346323 0.0070447 1.893467E-15 0 1015 49.83915 534.3556 1594.048 45.78592 -0.5141467 -0.8364356 0.1849622 0.2632837 0.05119174 0.9633593 -0.0007249722 -0.001179415 0.000260806 536.7061 1593.203 45.33842 -0.3113704 -0.9400423 0.1391718
6.754366E-19 4.262289E-17 0.0734736 0.0062354 1.551401E-15 0 1015 49.83915 534.3556 1594.048 45.78592 -0.5141467 -0.8364356 0.1849622 0.2632837 0.05119174 0.9633593 -0.0001328599 -0.0002161421 4.779583E-05 536.7061 1593.203 45.33842 -0.3113704 -0.9400423 0.1391718
1.290123E-19 4.262289E-17 0.07347561 0.0076238 1.482984E-15 0 1015 49.83915 534.3556 1594.048 45.78592 -0.5141467 -0.8364356 0.1849622 0.2632837 0.05119174 0.9633593 -2.537701E-05 -4.128439E-05 9.129281E-06 536.7061 1593.203 45.33842 -0.3113704 -0.9400423 0.1391718
2.622034E-20 4.262289E-17 0.0734757 0.0068165 1.401513E-15 0 1015 49.83915 534.3556 1594.048 45.78592 -0.5141467 -0.8364356 0.1849622 0.2632837 0.05119174 0.9633593 -5.157602E-06 -8.390602E-06 1.855427E-06 536.7061 1593.203 45.33842 -0.3113704 -0.9400423 0.1391718
5.328996E-21 5.834374E-17 0.0734757 0.0292886 1.567229E-15 0 1015 49.83915 534.3556 1594.048 45.78592 -0.5141467 -0.8364356 0.1849622 0.2632837 0.05119174 0.9633593 -1.048226E-06 -1.705298E-06 3.770952E-07 536.7061 1593.203 45.33842 -0.3113704 -0.9400423 0.1391718
9.178198E-22 5.834374E-17 0.0734757 0.0069142 2.04123E-15 0 1015 49.83915 534.3556 1594.048 45.78592 -0.5141467 -0.8364356 0.1849622 0.2632837 0.05119174 0.9633593 -1.805372E-07 -2.937057E-07 6.494757E-08 536.7061 1593.203 45.33842 -0.3113704 -0.9400423 0.1391718
1.826554E-22 5.724082E-17 0.0734757 0.0031598 1.969008E-15 0 1015 49.83915 534.3556 1594.048 45.78592 -0.5141467 -0.8364356 0.1849622 0.2632837 0.05119174 0.9633593 -3.594074E-08 -5.846992E-08 1.292954E-08 536.7061 1593.203 45.33842 -0.3113704 -0.9400423 0.1391718
3.211672E-23 5.724082E-17 0.0734757 0.0064178 2.022242E-15 0 1015 49.83915 534.3556 1594.048 45.78592 -0.5141467 -0.8364356 0.1849622 0.2632837 0.05119174 0.9633593 -6.319544E-09 -1.02809E-08 2.273432E-09 536.7061 1593.203 45.33842 -0.3113704 -0.9400423 0.1391718
5.765233E-24 5.724082E-17 0.0734757 0.005259 2.04795E-15 0 1015 49.83915 534.3556 1594.048 45.78592 -0.5141467 -0.8364356 0.1849622 0.2632837 0.05119174 0.9633593 -1.134414E-09 -1.845512E-09 4.081011E-10 536.7061 1593.203 45.33842 -0.3113704 -0.9400423 0.1391718
1.05655E-24 5.724082E-17 0.0734757 0.0058074 2.038484E-15 0 1015 49.83915 534.3556 1594.048 45.78592 -0.5141467 -0.8364356 0.1849622 0.2632837 0.05119174 0.9633593 -2.078955E-10 -3.382128E-10 7.478957E-11 536.7061 1593.203 45.33842 -0.3113704 -0.9400423 0.1391718
2.018102E-25 5.724082E-17 0.0734757 0.0059543 2.011804E-15 0 1015 49.83915 534.3556 1594.048 45.78592 -0.5141467 -0.8364356 0.1849622 0.2632837 0.05119174 0.9633593 -3.97098E-11 -6.460156E-11 1.428545E-11 536.7061 1593.203 45.33842 -0.3113704 -0.9400423 0.1391718
3.935602E-26 5.724082E-17 0.0734757 0.0071053 1.884606E-15 0 1015 49.83915 534.3556 1594.048 45.78592 -0.5141467 -0.8364356 0.1849622 0.2632837 0.05119174 0.9633593 -7.744004E-12 -1.259828E-11 2.785876E-12 536.7061 1593.203 45.33842 -0.3113704 -0.9400423 0.1391718
7.215439E-27 5.724082E-17 0.0734757 0.0062734 2.00801E-15 0 1015 49.83915 534.3556 1594.048 45.78592 -0.5141467 -0.8364356 0.1849622 0.2632837 0.05119174 0.9633593 -1.419767E-12 -2.309738E-12 5.107557E-13 536.7061 1593.203 45.33842 -0.3113704 -0.9400423 0.1391718
1.500254E-27 5.724296E-17 0.0734757 0.0065393 1.877635E-15 0 1015 49.83915 534.3556 1594.048 45.78592 -0.5141467 -0.8364356 0.1849622 0.2632837 0.05119174 0.9633593 -2.95202E-13 -4.802472E-13 1.061978E-13 536.7061 1593.203 45.33842 -0.3113704 -0.9400423 0.1391718
2.955306E-28 5.724296E-17 0.0734757 0.0061175 1.983902E-15 0 1015 49.83915 534.3556 1594.048 45.78592 -0.5141467 -0.8364356 0.1849622 0.2632837 0.05119174 0.9633593 -5.815095E-14 -9.460246E-14 2.091957E-14 536.7061 1593.203 45.33842 -0.3113704 -0.9400423 0.1391718
5.497375E-29 5.724296E-17 0.0734757 0.0064265 2.013607E-15 0 1015 49.83915 534.3556 1594.048 45.78592 -0.5141467 -0.8364356 0.1849622 0.2632837 0.05119174 0.9633593 -1.081541E-14 -1.759496E-14 3.890798E-15 536.7061 1593.203 45.33842 -0.3113704 -0.9400423 0.1391718
1.325539E-29 5.724296E-17 0.0734757 0.0067818 1.938914E-15 0 1015 49.83915 534.3556 1594.048 45.78592 -0.5141467 -0.8364356 0.1849622 0.2632837 0.05119174 0.9633593 -2.607837E-15 -4.242536E-15 9.381579E-16 536.7061 1593.203 45.33842 -0.3113704 -0.9400423 0.1391718
5.298459E-30 5.724296E-17 0.0734757 0.0068679 2.023831E-15 0 1015 49.83915 534.3556 1594.048 45.78592 -0.5141467 -0.8364356 0.1849622 0.2632837 0.05119174 0.9633593 -1.042407E-15 -1.695831E-15 3.750013E-16 536.7061 1593.203 45.33842 -0.3113704 -0.9400423 0.1391718
3.822878E-30 5.724296E-17 0.0734757 0.0072984 2.039556E-15 0 1015 49.83915 534.3556 1594.048 45.78592 -0.5141467 -0.8364356 0.1849622 0.2632837 0.05119174 0.9633593 -7.521042E-16 -1.223555E-15 2.705663E-16 536.7061 1593.203 45.33842 -0.3113704 -0.9400423 0.1391718
3.80855E-30 5.724296E-17 0.0734757 0.0063815 1.879658E-15 0 1015 49.83915 534.3556 1594.048 45.78592 -0.5141467 -0.8364356 0.1849622 0.2632837 0.05119174 0.9633593 -7.492852E-16 -1.218969E-15 2.695524E-16 536.7061 1593.203 45.33842 -0.3113704 -0.9400423 0.1391718
3.603016E-30 5.724296E-17 0.0734757 0.0061672 1.996167E-15 0 1015 49.83915 534.3556 1594.048 45.78592 -0.5141467 -0.8364356 0.1849622 0.2632837 0.05119174 0.9633593 -7.088491E-16 -1.153185E-15 2.550057E-16 536.7061 1593.203 45.33842 -0.3113704 -0.9400423 0.1391718
3.859708E-30 5.724296E-17 0.0734757 0.0132061 1.729962E-15 0 1015 49.83915 534.3556 1594.048 45.78592 -0.5141467 -0.8364356 0.1849622 0.2632837 0.05119174 0.9633593 -7.593501E-16 -1.235343E-15 2.73173E-16 536.7061 1593.203 45.33842 -0.3113704 -0.9400423 0.1391718
3.709458E-30 5.724296E-17 0.0734757 0.0053294 1.864595E-15 0 1015 49.83915 534.3556 1594.048 45.78592 -0.5141467 -0.8364356 0.1849622 0.2632837 0.05119174 0.9633593 -7.297904E-16 -1.187254E-15 2.625391E-16 536.7061 1593.203 45.33842 -0.3113704 -0.9400423 0.1391718
3.628548E-30 5.724296E-17 0.0734757 0.002376 1.891993E-15 0 1015 49.83915 534.3556 1594.048 45.78592 -0.5141467 -0.8364356 0.1849622 0.2632837 0.05119174 0.9633593 -7.138721E-16 -1.161357E-15 2.568127E-16 536.7061 1593.203 45.33842 -0.3113704 -0.9400423 0.1391718
2.908939E-16 5.724296E-17 0.07726557 0.0115031 2.456831E-10 0 1015 49.83915 534.3556 1594.048 45.78592 -0.5141467 -0.8364356 0.1849622 0.2632837 0.05119174 0.9633593 -0.06354434 -0.1033766 0.02285981 536.7061 1593.203 45.33842 -0.3113704 -0.9400423 0.1391718
0 0 0.1293912 0.0060158 9.700935E-12 0 1015 49.83915 328.3777 981.5916 43.60461 0.8546385 -0.4486343 -0.2097307 0.2632837 0.05119174 0.9633593 15.79071 -8.703567 -3.790211 536.7061 1593.203 45.33842 -0.3113704 -0.9400423 0.1391718
